[319, 318, 318]
[324, 321, 320]
[320, 318, 317]
[324, 319, 318]
[323, 317, 320]
[322, 318, 316]
[320, 318, 318]
[347, 323, 326]
[343, 326, 324]
[341, 324, 326]
[340, 324, 323]
[356, 326, 323]
[351, 325, 325]
[338, 324, 325]
[344, 330, 325]
[341, 325, 323]
[342, 327, 325]
[343, 325, 325]
[345, 326, 325]
[344, 325, 326]
[342, 325, 324]
[344, 326, 327]
[349, 326, 326]
[346, 326, 325]
[358, 328, 325]
[358, 327, 324]
[361, 328, 325]
[339, 324, 326]
[342, 324, 324]
[341, 326, 325]
[341, 328, 325]
[343, 327, 325]
[342, 324, 326]
[346, 325, 323]
[344, 326, 325]
[344, 326, 326]
[348, 327, 326]
[347, 326, 325]
[351, 328, 326]
[350, 327, 329]
[347, 326, 325]
[349, 324, 324]
[338, 325, 325]
[336, 326, 326]
[336, 327, 325]
[342, 326, 326]
[342, 328, 325]
[348, 328, 326]
[346, 326, 327]
[347, 326, 329]
[348, 325, 326]
[346, 325, 326]
[347, 324, 326]
[344, 327, 326]
[359, 327, 327]
[367, 329, 326]
[341, 325, 325]
[337, 326, 328]
[340, 326, 324]
[342, 328, 326]
[344, 326, 326]
[349, 324, 326]
[348, 326, 326]
[346, 332, 328]
[344, 324, 326]
[350, 326, 326]
[351, 330, 328]
[342, 324, 324]
[344, 326, 325]
[344, 326, 324]
[345, 324, 324]
[349, 328, 326]
[346, 325, 327]
[347, 326, 327]
[347, 326, 326]
[342, 326, 324]
[345, 326, 327]
[346, 328, 326]
[358, 326, 326]
[359, 327, 326]
[338, 327, 326]
[338, 324, 326]
[341, 327, 326]
[345, 326, 325]
[344, 327, 325]
[346, 328, 325]
[345, 325, 325]
[345, 326, 324]
[346, 328, 326]
[346, 328, 325]
[350, 327, 326]
[348, 328, 326]
[340, 326, 326]
[343, 326, 326]
[351, 327, 326]
[347, 328, 326]
[340, 324, 325]
[341, 327, 325]
[339, 326, 327]
[348, 325, 328]
[347, 326, 325]
[350, 328, 326]
[351, 327, 327]
[345, 328, 326]
[341, 326, 326]
[347, 326, 325]
[350, 328, 326]
[344, 330, 328]
[350, 325, 325]
[352, 328, 325]
[336, 323, 326]
[336, 326, 324]
[350, 325, 326]
[349, 326, 325]
[345, 327, 324]
[344, 330, 332]
[345, 326, 326]
[346, 325, 324]
[345, 326, 326]
[344, 325, 325]
[345, 325, 326]
[345, 324, 327]
[354, 331, 328]
[353, 330, 327]
[352, 325, 325]
[341, 326, 324]
[339, 328, 327]
[346, 327, 328]
[346, 325, 326]
[349, 328, 326]
[351, 328, 330]
[349, 327, 328]
[341, 328, 326]
[342, 326, 328]
[350, 327, 324]
[348, 329, 328]
[349, 325, 327]
[349, 327, 324]
[341, 330, 329]
[337, 326, 326]
[338, 327, 326]
[350, 327, 326]
[352, 327, 326]
[344, 328, 327]
[340, 328, 327]
[346, 329, 323]
[351, 331, 329]
[346, 325, 325]
[348, 327, 325]
[348, 327, 328]
[347, 329, 325]
[350, 329, 325]
[352, 328, 327]
[350, 326, 326]
[345, 330, 326]
[349, 327, 326]
[344, 328, 328]
[348, 327, 328]
[349, 326, 324]
[345, 327, 327]
[342, 327, 327]
[343, 326, 326]
[353, 328, 328]
[354, 327, 326]
[352, 326, 325]
[349, 327, 328]
[347, 330, 324]
[335, 326, 327]
[333, 325, 328]
[350, 327, 327]
[349, 326, 329]
[341, 328, 328]
[342, 328, 326]
[340, 327, 328]
[345, 326, 325]
[347, 327, 327]
[347, 328, 328]
[343, 328, 326]
[352, 330, 329]
[352, 327, 328]
[346, 328, 325]
[346, 327, 327]
[345, 328, 328]
[341, 325, 326]
[347, 328, 328]
[348, 328, 327]
[344, 330, 327]
[342, 328, 327]
[345, 327, 326]
[346, 330, 326]
[343, 326, 328]
[356, 326, 328]
[356, 328, 325]
[357, 330, 330]
[354, 327, 325]
[338, 328, 329]
[336, 327, 327]
[346, 325, 326]
[346, 325, 327]
[345, 328, 327]
[341, 328, 327]
[344, 328, 328]
[348, 328, 327]
[346, 327, 325]
[349, 329, 327]
[356, 329, 326]
[340, 331, 328]
[336, 327, 328]
[339, 328, 328]
[347, 327, 325]
[345, 327, 326]
[346, 327, 327]
[349, 326, 327]
[352, 331, 327]
[346, 329, 325]
[347, 327, 328]
[354, 327, 328]
[354, 330, 327]
[347, 327, 325]
[348, 328, 327]
[345, 327, 328]
[341, 328, 326]
[351, 330, 325]
[352, 329, 327]
[344, 326, 328]
[346, 327, 326]
[348, 328, 327]
[348, 327, 327]
[346, 327, 325]
[346, 328, 329]
[349, 328, 327]
[358, 330, 327]
[358, 329, 326]
[335, 325, 327]
[336, 328, 329]
[338, 327, 329]
[342, 327, 326]
[342, 330, 330]
[344, 328, 326]
[347, 328, 329]
[349, 327, 327]
[345, 326, 327]
[346, 326, 326]
[349, 330, 327]
[346, 329, 328]
[365, 331, 329]
[365, 329, 327]
[335, 327, 327]
[336, 327, 326]
[345, 329, 327]
[342, 326, 327]
[345, 327, 328]
[349, 328, 327]
[347, 328, 329]
[350, 328, 327]
[348, 327, 328]
[349, 328, 330]
[354, 327, 325]
[345, 329, 329]
[343, 328, 327]
[358, 327, 326]
[361, 332, 333]
[358, 328, 327]
[337, 328, 327]
[335, 328, 329]
[347, 329, 327]
[345, 328, 326]
[352, 329, 327]
[344, 330, 327]
[346, 326, 327]
[347, 328, 329]
[366, 330, 327]
[362, 329, 326]
[333, 327, 328]
[338, 330, 334]
[334, 326, 326]
[350, 329, 328]
[349, 326, 327]
[346, 325, 326]
[347, 330, 327]
[348, 328, 328]
[349, 326, 326]
[352, 329, 329]
[350, 330, 326]
[351, 329, 327]
[346, 328, 329]
[346, 329, 329]
[348, 329, 327]
[352, 328, 328]
[350, 327, 326]
[346, 329, 329]
[345, 329, 330]
[347, 329, 326]
[346, 327, 329]
[356, 328, 328]
[357, 328, 327]
[350, 331, 328]
[350, 330, 328]
[346, 328, 330]
[348, 328, 326]
[346, 329, 327]
[345, 331, 330]
[349, 329, 326]
[347, 328, 327]
[350, 329, 330]
[354, 329, 328]
[343, 329, 329]
[341, 327, 328]
[344, 327, 327]
[348, 330, 331]
[347, 329, 328]
[349, 328, 327]
[350, 328, 328]
[353, 330, 331]
[354, 329, 330]
[340, 327, 329]
[345, 329, 328]
[354, 330, 328]
[354, 329, 331]
[337, 329, 327]
[337, 332, 329]
[352, 329, 328]
[351, 328, 327]
[355, 330, 329]
[343, 329, 328]
[344, 329, 326]
[348, 330, 331]
[346, 328, 326]
[352, 332, 329]
[350, 330, 328]
[351, 328, 328]
[356, 330, 327]
[356, 330, 331]
[339, 328, 330]
[346, 331, 327]
[344, 329, 328]
[346, 329, 328]
[348, 329, 329]
[348, 329, 329]
[349, 329, 326]
[347, 330, 329]
[348, 327, 328]
[346, 330, 328]
[341, 330, 329]
[354, 329, 327]
[353, 330, 329]
[346, 328, 329]
[349, 331, 328]
[349, 329, 328]
[337, 329, 328]
[339, 329, 328]
[350, 330, 331]
[347, 329, 329]
[343, 331, 327]
[342, 329, 330]
[347, 328, 329]
[349, 331, 328]
[348, 332, 330]
[353, 330, 326]
[354, 332, 330]
[359, 328, 332]
[359, 330, 328]
[335, 329, 329]
[335, 326, 329]
[346, 330, 327]
[346, 330, 329]
[346, 328, 329]
[351, 330, 333]
[350, 330, 329]
[350, 328, 328]
[352, 330, 329]
[344, 328, 329]
[357, 331, 329]
[362, 331, 330]
[341, 330, 332]
[339, 328, 329]
[344, 330, 326]
[346, 332, 329]
[349, 330, 327]
[351, 330, 329]
[347, 329, 330]
[343, 331, 329]
[348, 328, 329]
[348, 328, 327]
[354, 330, 328]
[355, 331, 329]
[356, 327, 329]
[359, 332, 333]
[338, 328, 328]
[339, 330, 327]
[343, 329, 329]
[341, 328, 328]
[348, 330, 328]
[346, 330, 328]
[351, 333, 334]
[347, 331, 329]
[346, 330, 330]
[347, 328, 327]
[365, 333, 329]
[364, 329, 334]
[335, 329, 326]
[335, 330, 328]
[337, 327, 330]
[349, 330, 328]
[348, 332, 330]
[349, 329, 329]
[350, 330, 329]
[351, 330, 327]
[354, 330, 329]
[350, 329, 328]
[351, 330, 328]
[348, 331, 330]
[351, 328, 328]
[354, 330, 328]
[341, 329, 329]
[340, 328, 330]
[348, 328, 331]
[346, 328, 329]
[348, 330, 329]
[350, 329, 329]
[344, 329, 328]
[346, 330, 329]
[348, 330, 329]
[346, 328, 326]
[367, 331, 333]
[362, 331, 331]
[363, 331, 328]
[335, 329, 329]
[335, 330, 328]
[347, 328, 328]
[348, 330, 330]
[344, 330, 329]
[344, 331, 332]
[344, 330, 329]
[346, 328, 330]
[348, 331, 330]
[354, 330, 329]
[352, 328, 330]
[354, 328, 330]
[354, 333, 330]
[347, 331, 334]
[348, 329, 330]
[344, 329, 330]
[342, 330, 329]
[344, 330, 329]
[345, 331, 330]
[346, 328, 329]
[354, 330, 330]
[353, 334, 332]
[351, 331, 328]
[351, 331, 329]
[349, 328, 330]
[347, 330, 328]
[352, 330, 330]
[357, 332, 329]
[358, 331, 326]
[339, 333, 333]
[335, 330, 329]
[350, 331, 330]
[350, 331, 330]
[348, 329, 329]
[353, 330, 329]
[353, 332, 331]
[348, 331, 328]
[353, 333, 333]
[350, 329, 328]
[352, 333, 330]
[348, 330, 331]
[351, 330, 328]
[350, 328, 329]
[342, 330, 329]
[342, 330, 330]
[350, 330, 330]
[352, 328, 329]
[350, 329, 329]
[347, 330, 330]
[347, 332, 329]
[350, 330, 329]
[352, 332, 330]
[345, 330, 330]
[349, 331, 329]
[354, 329, 326]
[355, 332, 332]
[355, 329, 330]
[350, 328, 333]
[350, 331, 330]
[346, 328, 330]
[350, 332, 330]
[350, 331, 331]
[349, 331, 332]
[352, 331, 331]
[355, 331, 331]
[351, 331, 333]
[344, 330, 330]
[345, 330, 328]
[348, 330, 331]
[349, 332, 330]
[353, 334, 332]
[355, 328, 330]
[345, 328, 328]
[345, 330, 331]
[344, 329, 330]
[352, 329, 330]
[352, 330, 330]
[349, 332, 332]
[346, 331, 330]
[340, 332, 329]
[344, 329, 330]
[353, 331, 330]
[352, 329, 331]
[352, 332, 329]
[347, 330, 330]
[346, 333, 332]
[348, 329, 330]
[348, 332, 332]
[353, 330, 330]
[353, 330, 328]
[352, 329, 330]
[352, 329, 330]
[346, 329, 329]
[347, 330, 331]
[344, 332, 331]
[350, 332, 332]
[350, 331, 331]
[350, 332, 330]
[350, 332, 328]
[350, 335, 332]
[342, 330, 331]
[343, 331, 328]
[358, 331, 330]
[357, 331, 330]
[343, 331, 329]
[345, 329, 331]
[344, 332, 329]
[345, 330, 329]
[344, 330, 333]
[353, 330, 330]
[352, 334, 328]
[345, 330, 331]
[348, 331, 328]
[354, 330, 330]
[352, 332, 332]
[358, 331, 328]
[355, 333, 330]
[345, 331, 328]
[349, 331, 328]
[345, 331, 331]
[343, 331, 329]
[345, 332, 332]
[347, 331, 332]
[347, 332, 328]
[351, 331, 330]
[350, 329, 331]
[345, 329, 332]
[347, 331, 329]
[362, 335, 331]
[361, 332, 332]
[363, 332, 331]
[343, 329, 330]
[343, 330, 329]
[344, 333, 330]
[343, 330, 330]
[350, 329, 330]
[350, 334, 330]
[349, 332, 331]
[345, 329, 330]
[343, 329, 331]
[347, 331, 328]
[346, 332, 333]
[346, 332, 330]
[344, 330, 329]
[349, 333, 330]
[351, 333, 334]
[350, 332, 331]
[340, 332, 331]
[339, 328, 329]
[344, 333, 331]
[344, 332, 330]
[346, 331, 331]
[333, 331, 332]
[330, 330, 328]
[329, 332, 330]
[317, 328, 329]
[318, 328, 329]
[313, 329, 331]
[312, 329, 330]
[312, 333, 328]
[314, 333, 332]
[318, 330, 328]
[318, 330, 328]
[315, 329, 331]
[329, 330, 330]
[346, 331, 331]
[347, 331, 332]
[351, 335, 330]
[346, 331, 333]
[354, 329, 330]
[355, 333, 330]
[353, 331, 331]
[351, 328, 330]
[352, 332, 330]
[344, 331, 330]
[347, 331, 329]
[347, 330, 330]
[349, 331, 330]
[355, 331, 330]
[356, 332, 329]
[359, 330, 329]
[357, 330, 331]
[364, 330, 333]
[364, 332, 330]
[362, 330, 329]
[365, 332, 328]
[352, 331, 332]
[350, 331, 330]
[356, 329, 329]
[357, 332, 330]
[356, 335, 333]
[357, 328, 330]
[357, 332, 330]
[356, 330, 332]
[355, 331, 329]
[357, 333, 328]
[355, 332, 330]
[350, 329, 330]
[354, 333, 334]
[352, 332, 330]
[354, 331, 328]
[350, 332, 330]
[348, 329, 330]
[349, 330, 332]
[350, 331, 332]
[346, 330, 330]
[347, 331, 331]
[347, 333, 328]
[349, 331, 329]
[349, 331, 331]
[346, 333, 328]
[347, 331, 330]
[351, 333, 333]
[336, 333, 328]
[335, 331, 333]
[337, 329, 330]
[340, 330, 328]
[342, 328, 331]
[332, 333, 329]
[332, 329, 330]
[332, 329, 330]
[331, 329, 330]
[332, 329, 330]
[333, 330, 330]
[336, 331, 330]
[344, 331, 330]
[347, 332, 330]
[349, 333, 329]
[349, 330, 330]
[349, 329, 329]
[351, 331, 331]
[346, 329, 331]
[345, 329, 328]
[341, 330, 330]
[351, 329, 329]
[350, 331, 330]
[348, 329, 331]
[348, 329, 329]
[341, 333, 330]
[340, 330, 331]
[338, 329, 330]
[352, 332, 332]
[352, 330, 330]
[347, 333, 330]
[348, 333, 331]
[351, 332, 331]
[351, 332, 331]
[354, 332, 331]
[355, 331, 332]
[356, 330, 332]
[358, 336, 330]
[349, 329, 330]
[348, 332, 329]
[348, 332, 329]
[351, 334, 329]
[350, 329, 328]
[352, 333, 333]
[355, 329, 331]
[354, 331, 333]
[352, 331, 330]
[353, 329, 330]
[353, 332, 330]
[355, 331, 330]
[360, 332, 329]
[358, 332, 331]
[346, 331, 330]
[349, 329, 330]
[354, 331, 329]
[354, 331, 331]
[357, 330, 331]
[358, 331, 331]
[357, 332, 333]
[358, 333, 333]
[356, 332, 331]
[366, 330, 330]
[368, 332, 329]
[374, 335, 331]
[373, 332, 331]
[383, 334, 331]
[386, 336, 331]
[379, 334, 331]
[376, 334, 331]
[371, 332, 329]
[372, 333, 329]
[364, 332, 335]
[362, 332, 331]
[355, 331, 328]
[358, 336, 333]
[350, 331, 330]
[351, 332, 334]
[359, 331, 332]
[360, 332, 329]
[343, 332, 331]
[345, 332, 331]
[353, 336, 332]
[347, 331, 332]
[348, 329, 329]
[348, 333, 332]
[348, 331, 332]
[350, 329, 331]
[348, 334, 329]
[342, 330, 331]
[346, 334, 329]
[335, 332, 331]
[333, 329, 332]
[339, 331, 329]
[330, 332, 332]
[332, 330, 330]
[333, 332, 330]
[330, 330, 329]
[330, 328, 330]
[333, 333, 332]
[338, 331, 331]
[340, 332, 330]
[341, 332, 332]
[350, 330, 330]
[350, 332, 329]
[344, 331, 332]
[344, 330, 331]
[362, 333, 331]
[360, 331, 332]
[359, 331, 332]
[338, 331, 332]
[335, 331, 329]
[352, 330, 329]
[351, 332, 331]
[355, 332, 331]
[359, 334, 333]
[365, 333, 333]
[364, 332, 328]
[365, 333, 332]
[384, 334, 333]
[385, 333, 332]
[396, 336, 331]
[394, 336, 331]
[400, 341, 331]
[397, 336, 332]
[401, 336, 332]
[399, 337, 331]
[400, 337, 331]
[395, 338, 332]
[395, 336, 331]
[397, 337, 333]
[399, 339, 333]
[393, 337, 332]
[390, 336, 331]
[387, 335, 330]
[391, 335, 332]
[389, 335, 333]
[382, 333, 330]
[382, 335, 332]
[360, 336, 335]
[356, 334, 331]
[356, 333, 331]
[357, 332, 333]
[354, 330, 332]
[354, 335, 333]
[353, 333, 332]
[346, 330, 330]
[350, 336, 335]
[347, 332, 331]
[351, 332, 330]
[352, 333, 332]
[351, 330, 329]
[353, 333, 330]
[335, 331, 330]
[329, 329, 331]
[327, 332, 332]
[316, 331, 330]
[319, 330, 332]
[316, 330, 332]
[315, 329, 332]
[317, 330, 329]
[318, 334, 331]
[321, 331, 331]
[324, 329, 329]
[323, 332, 332]
[329, 331, 330]
[330, 332, 329]
[340, 331, 331]
[338, 330, 330]
[340, 330, 331]
[351, 333, 335]
[347, 331, 334]
[347, 332, 329]
[344, 332, 332]
[348, 330, 332]
[351, 332, 330]
[365, 334, 331]
[362, 333, 332]
[364, 332, 331]
[352, 332, 338]
[351, 330, 331]
[353, 332, 333]
[362, 333, 331]
[362, 335, 330]
[362, 334, 333]
[374, 334, 332]
[374, 339, 334]
[381, 335, 332]
[384, 334, 330]
[383, 336, 333]
[384, 336, 332]
[394, 335, 331]
[396, 335, 330]
[394, 338, 333]
[391, 341, 332]
[386, 336, 333]
[392, 336, 332]
[395, 338, 332]
[394, 338, 335]
[392, 338, 332]
[389, 335, 332]
[391, 336, 333]
[391, 340, 334]
[383, 335, 330]
[386, 338, 333]
[378, 335, 330]
[357, 336, 335]
[357, 334, 331]
[355, 333, 331]
[357, 334, 335]
[353, 332, 334]
[352, 331, 333]
[354, 334, 331]
[351, 334, 333]
[350, 333, 332]
[353, 333, 330]
[354, 334, 332]
[355, 334, 334]
[351, 333, 333]
[349, 334, 333]
[356, 336, 333]
[356, 334, 333]
[350, 333, 333]
[345, 332, 335]
[344, 333, 333]
[347, 338, 333]
[344, 331, 331]
[332, 333, 331]
[332, 330, 334]
[321, 330, 331]
[323, 332, 332]
[315, 331, 332]
[316, 329, 331]
[318, 331, 330]
[318, 330, 332]
[316, 330, 330]
[315, 332, 332]
[315, 333, 332]
[315, 331, 334]
[316, 329, 331]
[320, 332, 333]
[324, 330, 330]
[330, 332, 333]
[327, 331, 332]
[331, 332, 332]
[337, 332, 334]
[336, 332, 331]
[348, 332, 331]
[348, 334, 332]
[337, 332, 330]
[340, 332, 335]
[348, 331, 333]
[348, 333, 331]
[348, 333, 331]
[350, 334, 333]
[351, 331, 332]
[356, 334, 333]
[354, 334, 333]
[357, 337, 334]
[356, 334, 333]
[357, 332, 332]
[378, 335, 331]
[378, 335, 335]
[391, 336, 333]
[392, 337, 331]
[392, 337, 335]
[397, 339, 333]
[400, 339, 334]
[399, 336, 334]
[400, 338, 330]
[400, 340, 334]
[398, 337, 335]
[403, 338, 334]
[402, 342, 334]
[405, 341, 336]
[404, 340, 334]
[398, 338, 334]
[397, 339, 334]
[405, 338, 333]
[394, 338, 334]
[394, 338, 332]
[393, 339, 333]
[393, 342, 335]
[382, 334, 332]
[384, 336, 334]
[368, 333, 334]
[370, 335, 331]
[374, 336, 332]
[354, 332, 333]
[355, 334, 332]
[364, 337, 333]
[359, 335, 332]
[349, 333, 333]
[348, 334, 334]
[349, 334, 333]
[353, 334, 332]
[351, 334, 336]
[357, 332, 332]
[358, 338, 332]
[347, 332, 333]
[351, 332, 332]
[353, 334, 334]
[353, 332, 333]
[354, 334, 333]
[354, 334, 335]
[355, 334, 333]
[358, 337, 333]
[355, 335, 334]
[346, 331, 332]
[348, 334, 332]
[350, 332, 334]
[350, 333, 334]
[349, 334, 333]
[352, 335, 333]
[352, 334, 331]
[352, 333, 335]
[350, 334, 335]
[350, 334, 331]
[350, 333, 335]
[361, 334, 333]
[363, 335, 332]
[364, 335, 335]
[339, 333, 334]
[339, 337, 334]
[352, 336, 335]
[353, 333, 331]
[354, 336, 335]
[347, 333, 334]
[348, 334, 333]
[349, 335, 333]
[353, 336, 337]
[349, 333, 332]
[358, 334, 332]
[359, 335, 334]
[351, 336, 333]
[350, 334, 333]
[349, 334, 334]
[350, 332, 335]
[353, 337, 336]
[347, 333, 332]
[349, 334, 333]
[351, 333, 334]
[349, 334, 334]
[352, 334, 332]
[350, 334, 333]
[347, 332, 334]
[350, 338, 336]
[348, 336, 334]
[364, 334, 334]
[365, 333, 332]
[344, 334, 334]
[345, 334, 334]
[355, 334, 334]
[353, 334, 334]
[357, 334, 337]
[355, 334, 333]
[355, 333, 334]
[352, 334, 332]
[353, 334, 332]
[358, 335, 332]
[356, 336, 334]
[359, 337, 336]
[356, 334, 334]
[348, 332, 336]
[347, 332, 332]
[353, 335, 335]
[353, 334, 335]
[344, 334, 333]
[345, 335, 332]
[345, 335, 334]
[348, 333, 332]
[350, 338, 334]
[348, 334, 334]
[345, 334, 332]
[347, 335, 332]
[345, 335, 338]
[359, 333, 334]
[360, 335, 333]
[358, 335, 334]
[342, 332, 333]
[338, 335, 336]
[348, 332, 332]
[350, 332, 332]
[345, 334, 333]
[345, 335, 333]
[350, 332, 333]
[348, 336, 334]
[347, 333, 333]
[357, 335, 334]
[352, 337, 334]
[358, 335, 334]
[361, 336, 334]
[348, 336, 334]
[348, 332, 336]
[354, 338, 338]
[354, 335, 333]
[353, 333, 332]
[351, 335, 334]
[350, 333, 336]
[361, 335, 334]
[362, 335, 334]
[366, 335, 334]
[371, 337, 337]
[369, 336, 334]
[374, 338, 334]
[375, 335, 332]
[382, 337, 334]
[381, 336, 336]
[375, 336, 332]
[375, 337, 334]
[376, 340, 338]
[376, 338, 332]
[376, 336, 333]
[366, 335, 335]
[365, 334, 336]
[360, 337, 334]
[359, 336, 336]
[360, 335, 334]
[360, 336, 336]
[354, 333, 335]
[357, 333, 332]
[354, 334, 335]
[346, 334, 333]
[349, 335, 332]
[353, 333, 331]
[352, 335, 334]
[347, 336, 332]
[347, 332, 332]
[346, 336, 333]
[346, 332, 333]
[347, 335, 334]
[351, 335, 334]
[350, 333, 334]
[353, 334, 334]
[355, 335, 334]
[352, 335, 332]
[351, 336, 338]
[351, 335, 332]
[349, 334, 332]
[349, 335, 334]
[352, 336, 334]
[353, 333, 333]
[354, 336, 335]
[349, 332, 334]
[354, 335, 333]
[352, 338, 336]
[353, 333, 333]
[357, 334, 333]
[356, 335, 335]
[349, 334, 336]
[351, 336, 335]
[346, 333, 334]
[345, 335, 333]
[347, 335, 335]
[347, 335, 337]
[349, 335, 333]
[350, 335, 334]
[346, 333, 335]
[352, 335, 336]
[354, 334, 336]
[347, 336, 333]
[348, 335, 334]
[357, 335, 334]
[358, 334, 334]
[361, 335, 335]
[347, 335, 334]
[345, 335, 333]
[358, 338, 337]
[355, 336, 334]
[370, 335, 332]
[373, 336, 334]
[379, 337, 335]
[379, 336, 336]
[382, 338, 333]
[392, 339, 335]
[394, 339, 336]
[397, 338, 337]
[393, 339, 335]
[393, 337, 335]
[393, 339, 335]
[392, 337, 336]
[391, 336, 333]
[392, 338, 335]
[392, 340, 337]
[390, 337, 335]
[386, 338, 337]
[386, 336, 334]
[371, 337, 335]
[372, 340, 335]
[370, 335, 335]
[358, 335, 335]
[358, 338, 338]
[358, 335, 338]
[360, 335, 335]
[346, 337, 334]
[345, 336, 337]
[347, 333, 334]
[349, 337, 335]
[351, 333, 335]
[354, 337, 335]
[352, 337, 335]
[347, 335, 335]
[351, 335, 333]
[346, 335, 335]
[346, 334, 333]
[334, 335, 334]
[333, 337, 335]
[337, 335, 332]
[327, 335, 334]
[325, 335, 336]
[320, 334, 333]
[321, 334, 332]
[321, 336, 335]
[320, 334, 333]
[325, 334, 335]
[326, 334, 335]
[323, 334, 334]
[340, 336, 335]
[337, 334, 335]
[347, 335, 334]
[349, 335, 335]
[352, 336, 334]
[351, 334, 333]
[351, 335, 335]
[342, 334, 335]
[346, 334, 334]
[354, 334, 336]
[352, 334, 335]
[357, 337, 335]
[356, 337, 335]
[355, 338, 335]
[358, 335, 333]
[358, 335, 337]
[383, 339, 333]
[382, 338, 335]
[394, 340, 336]
[394, 339, 335]
[402, 339, 335]
[399, 338, 335]
[402, 343, 339]
[404, 340, 336]
[403, 339, 336]
[401, 339, 336]
[399, 340, 336]
[402, 341, 336]
[400, 340, 336]
[398, 341, 335]
[403, 343, 338]
[399, 341, 337]
[401, 342, 335]
[404, 341, 338]
[401, 341, 335]
[396, 341, 335]
[398, 339, 335]
[393, 341, 335]
[396, 342, 337]
[392, 339, 336]
[383, 336, 335]
[383, 341, 335]
[364, 338, 335]
[366, 334, 335]
[364, 337, 335]
[363, 336, 337]
[362, 336, 337]
[358, 338, 336]
[358, 336, 332]
[350, 335, 335]
[350, 337, 337]
[352, 336, 334]
[355, 336, 334]
[346, 335, 335]
[348, 338, 334]
[347, 335, 335]
[349, 336, 335]
[347, 335, 334]
[351, 335, 336]
[348, 336, 335]
[351, 335, 335]
[353, 336, 337]
[354, 336, 335]
[354, 336, 334]
[350, 337, 335]
[349, 334, 334]
[349, 336, 334]
[351, 336, 336]
[349, 335, 335]
[351, 337, 335]
[350, 336, 336]
[347, 335, 336]
[346, 337, 336]
[345, 335, 334]
[355, 336, 335]
[357, 337, 336]
[355, 336, 335]
[356, 334, 334]
[355, 337, 335]
[353, 335, 335]
[367, 337, 335]
[367, 337, 336]
[367, 337, 336]
[374, 338, 336]
[371, 336, 336]
[392, 341, 336]
[391, 339, 335]
[394, 340, 337]
[395, 340, 335]
[400, 341, 337]
[400, 341, 336]
[402, 343, 336]
[401, 341, 336]
[400, 341, 336]
[399, 343, 336]
[404, 345, 342]
[405, 343, 336]
[403, 343, 336]
[400, 340, 336]
[404, 341, 336]
[402, 343, 337]
[403, 341, 336]
[404, 340, 336]
[407, 347, 339]
[404, 340, 338]
[401, 342, 337]
[399, 341, 335]
[399, 340, 337]
[399, 341, 336]
[394, 342, 337]
[391, 340, 336]
[395, 343, 340]
[371, 337, 337]
[372, 337, 336]
[361, 338, 334]
[361, 338, 337]
[359, 338, 338]
[355, 337, 336]
[355, 338, 337]
[361, 338, 337]
[360, 338, 336]
[347, 337, 340]
[347, 337, 336]
[348, 335, 334]
[350, 337, 337]
[345, 338, 337]
[349, 335, 336]
[353, 338, 337]
[350, 337, 337]
[351, 337, 336]
[353, 339, 339]
[351, 337, 335]
[356, 338, 337]
[357, 338, 340]
[355, 338, 337]
[354, 340, 337]
[354, 337, 340]
[340, 336, 337]
[341, 339, 336]
[353, 337, 336]
[352, 334, 337]
[349, 337, 336]
[347, 340, 337]
[349, 335, 336]
[358, 338, 338]
[353, 337, 336]
[360, 336, 338]
[357, 340, 337]
[367, 338, 337]
[374, 337, 336]
[377, 339, 338]
[390, 339, 337]
[388, 340, 335]
[405, 343, 338]
[400, 342, 338]
[402, 341, 338]
[402, 341, 336]
[402, 342, 337]
[403, 342, 341]
[407, 345, 340]
[404, 343, 338]
[405, 343, 336]
[402, 343, 336]
[401, 342, 340]
[405, 340, 337]
[403, 343, 338]
[403, 342, 338]
[403, 342, 337]
[400, 344, 338]
[399, 342, 337]
[397, 340, 336]
[390, 341, 338]
[375, 339, 338]
[375, 340, 341]
[375, 338, 335]
[370, 341, 338]
[370, 339, 338]
[352, 338, 337]
[351, 338, 337]
[354, 337, 340]
[352, 336, 338]
[361, 342, 340]
[357, 338, 337]
[358, 339, 337]
[353, 338, 341]
[353, 337, 338]
[352, 337, 339]
[352, 338, 338]
[365, 339, 338]
[369, 343, 341]
[365, 340, 338]
[342, 339, 338]
[342, 338, 340]
[347, 337, 338]
[348, 339, 337]
[352, 338, 337]
[351, 338, 338]
[353, 343, 338]
[357, 340, 338]
[354, 338, 339]
[354, 336, 339]
[353, 339, 337]
[345, 339, 338]
[347, 338, 339]
[350, 339, 339]
[353, 336, 337]
[353, 339, 338]
[352, 337, 337]
[358, 339, 336]
[356, 339, 338]
[355, 337, 337]
[369, 338, 336]
[368, 340, 339]
[368, 339, 338]
[369, 340, 339]
[394, 341, 341]
[392, 342, 337]
[393, 342, 338]
[396, 344, 337]
[398, 342, 337]
[402, 342, 341]
[400, 343, 340]
[407, 345, 339]
[407, 345, 344]
[403, 342, 338]
[404, 344, 338]
[403, 344, 337]
[407, 342, 339]
[404, 346, 337]
[402, 345, 340]
[404, 344, 339]
[409, 345, 341]
[405, 346, 339]
[404, 343, 338]
[406, 344, 339]
[405, 344, 341]
[403, 343, 339]
[401, 343, 340]
[403, 343, 341]
[407, 346, 343]
[401, 345, 339]
[399, 344, 338]
[381, 341, 337]
[382, 340, 339]
[379, 342, 337]
[373, 338, 339]
[376, 339, 337]
[360, 344, 340]
[358, 341, 338]
[359, 340, 340]
[357, 338, 339]
[360, 339, 339]
[358, 342, 338]
[358, 339, 340]
[361, 340, 337]
[367, 344, 339]
[339, 339, 337]
[341, 341, 339]
[347, 337, 340]
[346, 339, 337]
[349, 340, 337]
[356, 341, 339]
[353, 339, 339]
[361, 338, 337]
[356, 340, 339]
[354, 340, 340]
[357, 340, 340]
[357, 338, 337]
[356, 340, 337]
[358, 340, 339]
[353, 340, 342]
[359, 340, 337]
[346, 341, 340]
[346, 337, 339]
[353, 341, 338]
[353, 339, 338]
[353, 339, 337]
[354, 340, 340]
[353, 339, 338]
[357, 339, 340]
[356, 340, 341]
[360, 340, 340]
[361, 339, 339]
[365, 339, 340]
[367, 340, 340]
[374, 340, 339]
[374, 342, 339]
[370, 341, 340]
[389, 344, 342]
[388, 343, 339]
[395, 345, 338]
[394, 344, 340]
[400, 343, 338]
[402, 345, 340]
[401, 345, 341]
[401, 343, 338]
[400, 347, 341]
[404, 344, 341]
[409, 344, 339]
[399, 346, 340]
[399, 342, 339]
[405, 343, 339]
[401, 344, 339]
[400, 343, 340]
[408, 346, 342]
[400, 347, 340]
[383, 345, 337]
[387, 343, 339]
[372, 341, 339]
[372, 340, 340]
[364, 341, 341]
[362, 340, 338]
[367, 343, 338]
[360, 341, 339]
[360, 339, 339]
[349, 339, 339]
[349, 340, 340]
[352, 340, 339]
[353, 338, 339]
[352, 342, 339]
[357, 344, 340]
[354, 342, 340]
[353, 339, 340]
[353, 341, 339]
[346, 340, 343]
[347, 339, 340]
[363, 340, 338]
[363, 341, 340]
[343, 340, 339]
[341, 339, 339]
[342, 340, 340]
[352, 339, 339]
[351, 341, 340]
[352, 340, 341]
[351, 342, 338]
[351, 338, 340]
[363, 342, 338]
[364, 341, 342]
[359, 341, 340]
[358, 340, 340]
[366, 343, 340]
[365, 339, 342]
[362, 341, 339]
[387, 344, 340]
[387, 342, 340]
[403, 344, 341]
[405, 345, 340]
[408, 346, 342]
[406, 344, 342]
[400, 345, 342]
[401, 345, 340]
[400, 345, 340]
[404, 346, 339]
[404, 346, 341]
[401, 344, 342]
[401, 344, 341]
[403, 346, 341]
[403, 346, 344]
[403, 345, 341]
[401, 346, 342]
[402, 344, 340]
[399, 346, 342]
[399, 345, 342]
[402, 345, 343]
[403, 346, 339]
[408, 347, 345]
[406, 344, 342]
[406, 346, 342]
[406, 347, 341]
[408, 346, 341]
[406, 348, 343]
[403, 346, 341]
[405, 352, 344]
[405, 345, 341]
[405, 346, 342]
[405, 346, 343]
[396, 345, 342]
[397, 344, 342]
[382, 344, 341]
[378, 343, 341]
[374, 345, 344]
[376, 342, 343]
[353, 339, 341]
[352, 341, 340]
[354, 343, 341]
[359, 341, 340]
[358, 342, 340]
[358, 341, 341]
[359, 344, 340]
[354, 343, 340]
[355, 342, 341]
[354, 342, 340]
[352, 341, 342]
[354, 340, 342]
[364, 341, 339]
[364, 342, 341]
[345, 343, 341]
[348, 340, 342]
[354, 342, 340]
[355, 341, 341]
[358, 344, 342]
[354, 343, 342]
[355, 340, 343]
[361, 340, 341]
[367, 342, 343]
[365, 344, 342]
[384, 342, 342]
[385, 344, 341]
[384, 344, 342]
[399, 346, 340]
[401, 347, 341]
[400, 345, 344]
[401, 345, 342]
[407, 347, 341]
[405, 347, 342]
[406, 349, 342]
[405, 346, 342]
[404, 346, 341]
[403, 347, 343]
[408, 347, 341]
[404, 348, 345]
[405, 345, 342]
[402, 347, 343]
[400, 345, 346]
[401, 345, 342]
[401, 346, 343]
[397, 347, 343]
[404, 346, 341]
[401, 353, 347]
[398, 347, 343]
[397, 346, 344]
[398, 344, 343]
[398, 344, 341]
[398, 346, 345]
[399, 347, 343]
[399, 345, 342]
[405, 348, 344]
[401, 346, 343]
[404, 345, 341]
[408, 347, 344]
[403, 345, 341]
[402, 347, 341]
[403, 349, 344]
[406, 346, 341]
[409, 351, 343]
[408, 347, 342]
[408, 348, 343]
[400, 349, 342]
[401, 347, 343]
[385, 345, 343]
[387, 345, 346]
[388, 344, 341]
[375, 346, 347]
[370, 343, 340]
[361, 344, 342]
[356, 342, 345]
[353, 343, 340]
[356, 341, 340]
[351, 344, 341]
[348, 343, 342]
[352, 341, 342]
[352, 344, 343]
[353, 341, 342]
[358, 343, 342]
[357, 341, 342]
[357, 341, 342]
[359, 343, 342]
[352, 343, 343]
[356, 341, 342]
[356, 344, 341]
[344, 341, 341]
[346, 341, 342]
[355, 343, 343]
[355, 343, 342]
[360, 343, 341]
[361, 343, 347]
[361, 342, 345]
[372, 342, 344]
[373, 345, 342]
[391, 344, 343]
[391, 346, 343]
[409, 348, 343]
[404, 348, 343]
[405, 347, 345]
[410, 351, 343]
[407, 352, 343]
[406, 345, 341]
[408, 348, 343]
[405, 347, 343]
[406, 349, 344]
[406, 347, 342]
[406, 349, 344]
[405, 346, 343]
[407, 347, 343]
[404, 347, 344]
[404, 346, 342]
[405, 348, 343]
[398, 346, 346]
[401, 346, 343]
[407, 352, 348]
[401, 347, 342]
[400, 348, 342]
[403, 348, 344]
[404, 346, 344]
[407, 348, 343]
[407, 350, 342]
[407, 350, 343]
[411, 350, 345]
[410, 349, 343]
[407, 348, 343]
[407, 351, 344]
[392, 348, 344]
[393, 347, 344]
[374, 347, 343]
[374, 347, 347]
[364, 345, 345]
[364, 347, 344]
[363, 344, 344]
[363, 345, 345]
[362, 345, 345]
[359, 346, 343]
[359, 343, 343]
[367, 345, 343]
[368, 345, 344]
[355, 343, 344]
[350, 344, 343]
[351, 342, 343]
[346, 344, 346]
[343, 345, 343]
[356, 343, 345]
[357, 344, 344]
[358, 344, 343]
[356, 344, 346]
[358, 345, 344]
[358, 344, 343]
[358, 345, 343]
[362, 345, 345]
[363, 345, 342]
[356, 343, 343]
[356, 344, 345]
[345, 343, 343]
[348, 345, 343]
[356, 346, 343]
[360, 343, 342]
[360, 344, 342]
[371, 343, 345]
[367, 344, 347]
[377, 344, 343]
[375, 345, 345]
[375, 346, 344]
[404, 346, 343]
[402, 348, 343]
[403, 347, 345]
[405, 349, 342]
[406, 353, 346]
[406, 350, 344]
[411, 349, 343]
[409, 350, 346]
[408, 351, 346]
[404, 347, 346]
[405, 349, 343]
[401, 346, 345]
[408, 351, 347]
[405, 349, 346]
[406, 348, 344]
[408, 350, 345]
[406, 350, 348]
[405, 349, 345]
[406, 350, 344]
[405, 351, 346]
[411, 354, 349]
[407, 350, 343]
[410, 351, 347]
[411, 349, 345]
[409, 350, 343]
[409, 351, 345]
[412, 350, 345]
[410, 349, 344]
[415, 353, 348]
[410, 351, 345]
[406, 349, 346]
[405, 348, 346]
[406, 351, 346]
[402, 348, 344]
[408, 351, 348]
[403, 353, 348]
[400, 350, 346]
[402, 350, 345]
[395, 349, 346]
[392, 347, 345]
[395, 349, 346]
[377, 345, 345]
[377, 348, 344]
[362, 346, 346]
[362, 344, 345]
[354, 349, 345]
[353, 347, 345]
[357, 345, 345]
[360, 345, 346]
[361, 346, 347]
[360, 345, 346]
[355, 346, 345]
[360, 346, 346]
[362, 344, 345]
[362, 346, 344]
[362, 346, 348]
[359, 344, 345]
[361, 345, 345]
[361, 346, 345]
[361, 349, 345]
[353, 344, 346]
[354, 344, 346]
[359, 346, 344]
[358, 346, 348]
[367, 346, 344]
[364, 349, 346]
[377, 345, 346]
[378, 348, 344]
[386, 347, 345]
[384, 349, 344]
[385, 347, 344]
[404, 349, 351]
[405, 349, 345]
[413, 351, 346]
[408, 350, 346]
[409, 349, 345]
[410, 350, 346]
[409, 349, 346]
[408, 350, 345]
[414, 352, 349]
[411, 349, 344]
[410, 351, 344]
[410, 352, 346]
[410, 349, 347]
[405, 349, 344]
[407, 353, 347]
[406, 350, 345]
[408, 353, 349]
[404, 349, 346]
[409, 349, 346]
[408, 353, 348]
[410, 351, 346]
[407, 351, 345]
[412, 352, 348]
[411, 350, 347]
[412, 352, 346]
[412, 352, 346]
[410, 350, 347]
[404, 350, 348]
[403, 351, 347]
[394, 347, 345]
[396, 347, 348]
[383, 349, 348]
[384, 348, 349]
[386, 349, 346]
[368, 347, 348]
[370, 345, 346]
[367, 349, 348]
[367, 346, 346]
[363, 348, 344]
[360, 347, 348]
[369, 347, 347]
[371, 351, 344]
[369, 348, 346]
[345, 347, 345]
[343, 348, 346]
[355, 347, 349]
[357, 345, 345]
[361, 347, 347]
[364, 348, 347]
[359, 347, 347]
[360, 349, 345]
[358, 347, 345]
[359, 346, 344]
[356, 347, 347]
[354, 346, 347]
[356, 345, 346]
[353, 347, 346]
[351, 346, 349]
[356, 349, 346]
[354, 348, 347]
[357, 346, 345]
[362, 346, 347]
[358, 348, 346]
[360, 346, 346]
[362, 347, 347]
[357, 348, 349]
[359, 347, 345]
[360, 346, 347]
[362, 346, 346]
[361, 348, 345]
[379, 348, 349]
[381, 348, 347]
[361, 348, 345]
[359, 349, 351]
[369, 346, 345]
[368, 348, 347]
[369, 348, 349]
[377, 347, 348]
[376, 347, 346]
[385, 349, 347]
[383, 349, 346]
[396, 353, 349]
[395, 351, 348]
[404, 349, 346]
[402, 351, 347]
[401, 353, 348]
[399, 349, 349]
[399, 350, 347]
[411, 353, 349]
[412, 355, 351]
[413, 353, 347]
[408, 354, 347]
[411, 352, 348]
[413, 352, 349]
[411, 355, 347]
[411, 352, 346]
[415, 351, 347]
[413, 356, 351]
[407, 352, 348]
[413, 353, 348]
[412, 355, 348]
[411, 351, 346]
[411, 354, 346]
[409, 353, 348]
[410, 353, 351]
[415, 355, 349]
[413, 352, 350]
[412, 353, 348]
[410, 353, 347]
[408, 352, 349]
[411, 353, 350]
[411, 353, 346]
[409, 352, 349]
[406, 356, 346]
[405, 352, 349]
[391, 351, 349]
[393, 351, 347]
[393, 350, 347]
[392, 349, 347]
[392, 351, 349]
[380, 350, 349]
[378, 348, 348]
[370, 350, 348]
[369, 349, 347]
[367, 349, 346]
[369, 349, 347]
[361, 349, 347]
[359, 346, 349]
[359, 348, 346]
[366, 352, 348]
[365, 351, 349]
[353, 349, 347]
[352, 347, 346]
[356, 349, 349]
[356, 347, 348]
[358, 347, 348]
[358, 348, 347]
[359, 350, 348]
[358, 347, 347]
[359, 349, 347]
[355, 347, 348]
[345, 347, 347]
[349, 349, 350]
[342, 348, 347]
[343, 349, 349]
[335, 348, 348]
[335, 346, 347]
[334, 348, 347]
[335, 347, 348]
[334, 347, 346]
[342, 350, 352]
[339, 347, 346]
[343, 349, 348]
[342, 347, 348]
[344, 346, 346]
[345, 347, 349]
[346, 348, 347]
[343, 345, 348]
[347, 351, 352]
[344, 348, 349]
[346, 346, 347]
[346, 347, 346]
[342, 346, 347]
[343, 347, 348]
[347, 348, 347]
[343, 347, 348]
[346, 349, 347]
[345, 348, 348]
[342, 350, 347]
[344, 349, 347]
[345, 348, 348]
[343, 348, 348]
[346, 346, 349]
[348, 348, 348]
[346, 350, 348]
[345, 347, 346]
[343, 348, 349]
[342, 346, 347]
[346, 347, 346]
[344, 349, 349]
[345, 348, 348]
[346, 350, 347]
[349, 347, 346]
[345, 346, 348]
[345, 348, 347]
[344, 349, 348]
[345, 347, 350]
[344, 348, 346]
[344, 348, 350]
[345, 347, 349]
[342, 346, 348]
[344, 347, 347]
[344, 347, 349]
[346, 349, 347]
[345, 347, 347]
[344, 348, 348]
[341, 350, 349]
[343, 350, 351]
[345, 346, 350]
[344, 347, 345]
[345, 346, 348]
[345, 350, 349]
[343, 348, 346]
[343, 348, 347]
[346, 348, 350]
[346, 347, 348]
[346, 347, 348]
[343, 348, 349]
[344, 347, 346]
[346, 346, 348]
[345, 348, 348]
[343, 345, 346]
[345, 347, 346]
[346, 349, 349]
[345, 347, 348]
[344, 348, 348]
[343, 345, 348]
[345, 347, 346]
[346, 350, 349]
[343, 346, 348]
[346, 349, 346]
[346, 348, 353]
[346, 349, 346]
[345, 351, 348]
[344, 347, 347]
[344, 345, 346]
[345, 348, 349]
[342, 347, 350]
[343, 348, 347]
[346, 354, 352]
[343, 346, 348]
[344, 348, 347]
[344, 349, 348]
[346, 347, 348]
[347, 347, 347]
[342, 348, 347]
[344, 347, 347]
[349, 351, 348]
[343, 348, 347]
[345, 347, 348]
[344, 348, 347]
[342, 347, 348]
[346, 347, 349]
[345, 347, 346]
[344, 348, 348]
[347, 351, 345]
[345, 347, 348]
[345, 347, 346]
[343, 347, 347]
[342, 348, 346]
[343, 350, 346]
[343, 348, 345]
[342, 349, 348]
[345, 347, 345]
[342, 348, 348]
[345, 347, 346]
[345, 347, 348]
[344, 347, 347]
[344, 345, 348]
[345, 346, 347]
[343, 348, 348]
[343, 345, 347]
[347, 346, 350]
[343, 346, 348]
[348, 347, 347]
[343, 348, 347]
[343, 347, 348]
[345, 348, 345]
[344, 348, 346]
[343, 347, 347]
[346, 349, 347]
[343, 346, 347]
[343, 347, 345]
[343, 345, 346]
[344, 347, 347]
[344, 347, 348]
[346, 349, 349]
[344, 348, 349]
[343, 347, 346]
[345, 347, 348]
[343, 348, 347]
[342, 345, 346]
[343, 345, 348]
[344, 347, 351]
[347, 347, 349]
[343, 346, 346]
[345, 347, 348]
[342, 348, 347]
[345, 347, 348]
[347, 349, 347]
[342, 347, 346]
[345, 347, 348]
[347, 353, 350]
[342, 348, 348]
[342, 348, 348]
[342, 349, 347]
[343, 347, 349]
[344, 346, 347]
[344, 348, 347]
[342, 347, 346]
[349, 351, 351]
[344, 349, 347]
[345, 347, 346]
[347, 347, 345]
[343, 347, 347]
[343, 345, 346]
[344, 346, 347]
[345, 347, 346]
[343, 348, 347]
[343, 347, 350]
[343, 344, 348]
[343, 348, 347]
[343, 347, 348]
[343, 346, 348]
[343, 346, 345]
[346, 347, 348]
[343, 344, 349]
[346, 347, 348]
[342, 345, 347]
[344, 347, 345]
[345, 349, 345]
[345, 347, 349]
[340, 347, 347]
[345, 347, 345]
[343, 348, 350]
[344, 346, 345]
[345, 348, 348]
[343, 345, 349]
[344, 345, 347]
[346, 348, 347]
[342, 348, 348]
[341, 345, 347]
[343, 348, 348]
[343, 348, 349]
[344, 347, 348]
[342, 347, 347]
[343, 344, 348]
[347, 347, 347]
[344, 348, 349]
[343, 348, 345]
[348, 350, 351]
[343, 345, 347]
[343, 345, 347]
[343, 348, 349]
[344, 347, 346]
[344, 345, 346]
[346, 348, 347]
[343, 348, 346]
[346, 349, 348]
[343, 346, 346]
[344, 347, 345]
[343, 347, 345]
[346, 349, 348]
[343, 346, 345]
[344, 347, 345]
[342, 347, 348]
[346, 347, 347]
[344, 348, 348]
[346, 345, 347]
[345, 346, 345]
[342, 348, 348]
[345, 347, 345]
[343, 348, 347]
[344, 348, 347]
[348, 346, 347]
[345, 346, 346]
[345, 347, 347]
[343, 345, 345]
[344, 346, 347]
[344, 347, 348]
[343, 345, 346]
[344, 347, 347]
[347, 347, 350]
[345, 347, 348]
[343, 346, 348]
[343, 345, 347]
[345, 348, 345]
[344, 347, 349]
[343, 345, 347]
[344, 346, 345]
[345, 347, 348]
[343, 345, 345]
[344, 348, 347]
[343, 346, 348]
[343, 345, 345]
[344, 348, 346]
[344, 346, 349]
[343, 344, 347]
[345, 348, 348]
[343, 346, 347]
[343, 347, 345]
[344, 350, 346]
[344, 345, 349]
[342, 346, 347]
[343, 349, 348]
[342, 346, 349]
[345, 348, 344]
[344, 348, 347]
[343, 345, 347]
[345, 346, 347]
[348, 346, 347]
[343, 345, 347]
[344, 344, 346]
[344, 346, 346]
[343, 348, 346]
[346, 347, 348]
[345, 345, 346]
[341, 346, 345]
[343, 347, 347]
[343, 348, 347]
[342, 345, 347]
[344, 347, 347]
[344, 345, 346]
[346, 350, 348]
[345, 347, 345]
[343, 348, 348]
[342, 345, 348]
[344, 348, 345]
[343, 348, 347]
[341, 346, 345]
[344, 345, 344]
[344, 349, 349]
[345, 344, 346]
[344, 345, 348]
[342, 346, 345]
[344, 345, 345]
[345, 347, 345]
[344, 345, 348]
[344, 345, 347]
[347, 348, 347]
[341, 347, 347]
[344, 346, 343]
[343, 346, 347]
[343, 346, 350]
[343, 345, 345]
[343, 349, 347]
[343, 344, 350]
[344, 348, 351]
[343, 348, 348]
[344, 344, 348]
[343, 348, 347]
[342, 346, 347]
[344, 345, 348]
[347, 346, 346]
[342, 349, 347]
[347, 348, 347]
[344, 346, 347]
[343, 349, 347]
[343, 347, 347]
[344, 345, 346]
[342, 345, 345]
[344, 345, 349]
[342, 348, 346]
[345, 345, 345]
[343, 347, 349]
[345, 346, 346]
[344, 347, 344]
[346, 348, 347]
[345, 346, 346]
[344, 346, 344]
[343, 347, 345]
[345, 346, 344]
[343, 350, 347]
[343, 346, 349]
[345, 346, 345]
[343, 348, 349]
[343, 346, 347]
[344, 344, 345]
[344, 345, 346]
[343, 344, 345]
[345, 347, 351]
[344, 345, 347]
[345, 343, 345]
[346, 347, 345]
[342, 344, 347]
[343, 344, 345]
[344, 347, 345]
[343, 347, 347]
[346, 348, 346]
[344, 348, 346]
[343, 344, 347]
[344, 346, 347]
[342, 345, 346]
[342, 346, 345]
[343, 347, 345]
[342, 346, 347]
[345, 347, 346]
[341, 346, 345]
[343, 346, 344]
[343, 346, 347]
[342, 347, 346]
[343, 345, 345]
[344, 346, 347]
[344, 346, 347]
[343, 345, 346]
[341, 346, 348]
[341, 344, 347]
[346, 345, 346]
[343, 346, 346]
[343, 346, 346]
[345, 344, 347]
[346, 351, 348]
[344, 345, 344]
[343, 346, 345]
[343, 347, 346]
[344, 346, 344]
[344, 345, 346]
[344, 346, 347]
[343, 344, 348]
[345, 347, 354]
[342, 345, 344]
[343, 348, 345]
[341, 346, 349]
[342, 344, 348]
[347, 347, 346]
[343, 346, 347]
[344, 346, 345]
[344, 348, 346]
[341, 346, 349]
[345, 347, 344]
[341, 346, 348]
[346, 345, 345]
[343, 346, 345]
[344, 346, 345]
[348, 346, 344]
[343, 346, 345]
[343, 346, 345]
[345, 345, 344]
[341, 346, 348]
[342, 345, 346]
[347, 345, 345]
[343, 346, 346]
[341, 344, 344]
[344, 345, 347]
[344, 344, 347]
[342, 344, 344]
[343, 345, 344]
[344, 348, 346]
[341, 346, 345]
[345, 346, 346]
[341, 346, 346]
[341, 345, 345]
[342, 345, 346]
[341, 348, 346]
[341, 346, 344]
[346, 346, 344]
[343, 344, 346]
[343, 345, 346]
[342, 346, 347]
[341, 346, 344]
[341, 344, 345]
[343, 346, 346]
[343, 346, 347]
[343, 344, 345]
[342, 346, 346]
[341, 344, 346]
[343, 346, 346]
[343, 346, 346]
[343, 344, 344]
[344, 343, 346]
[342, 347, 347]
[343, 344, 346]
[344, 347, 349]
[341, 347, 344]
[344, 345, 345]
[342, 346, 345]
[341, 346, 345]
[342, 344, 346]
[346, 346, 347]
[342, 347, 346]
[346, 350, 348]
[341, 346, 346]
[341, 348, 344]
[344, 346, 346]
[344, 346, 345]
[341, 344, 345]
[344, 344, 346]
[344, 345, 347]
[343, 347, 347]
[344, 347, 345]
[344, 345, 346]
[342, 345, 346]
[344, 348, 346]
[341, 346, 344]
[341, 344, 344]
[342, 346, 345]
[346, 348, 349]
[344, 345, 345]
[343, 344, 345]
[343, 346, 346]
[343, 344, 349]
[345, 346, 345]
[343, 344, 346]
[342, 346, 345]
[347, 348, 349]
[342, 346, 346]
[343, 344, 345]
[343, 346, 345]
[342, 346, 346]
[343, 347, 346]
[342, 347, 345]
[341, 345, 346]
[344, 346, 348]
[342, 347, 347]
[341, 345, 346]
[342, 346, 344]
[341, 345, 346]
[341, 346, 347]
[343, 344, 348]
[343, 345, 345]
[343, 346, 346]
[342, 345, 345]
[342, 346, 346]
[342, 345, 344]
[344, 346, 347]
[343, 344, 346]
[341, 346, 346]
[343, 345, 345]
[348, 345, 346]
[343, 344, 344]
[344, 347, 346]
[342, 346, 344]
[344, 346, 345]
[347, 346, 347]
[341, 344, 344]
[345, 347, 345]
[344, 345, 346]
[342, 345, 346]
[341, 346, 348]
[342, 344, 344]
[343, 343, 344]
[343, 345, 347]
[342, 344, 346]
[341, 343, 345]
[343, 348, 349]
[342, 343, 344]
[342, 345, 344]
[344, 347, 347]
[342, 345, 345]
[344, 345, 345]
[341, 347, 345]
[342, 345, 344]
[343, 349, 347]
[341, 344, 343]
[342, 345, 344]
[344, 345, 347]
[341, 346, 345]
[341, 344, 344]
[343, 345, 346]
[341, 345, 346]
[344, 346, 347]
[347, 346, 346]
[341, 343, 345]
[344, 345, 344]
[341, 346, 346]
[340, 344, 345]
[343, 345, 344]
[342, 346, 348]
[342, 348, 348]
[344, 346, 346]
[341, 345, 349]
[343, 345, 343]
[344, 346, 345]
[342, 344, 346]
[342, 345, 344]
[343, 349, 345]
[343, 349, 348]
[342, 345, 345]
[342, 346, 346]
[342, 348, 346]
[342, 347, 345]
[341, 344, 346]
[340, 345, 347]
[346, 346, 345]
[345, 350, 347]
[344, 344, 345]
[344, 345, 346]
[342, 344, 346]
[345, 345, 344]
[344, 346, 345]
[341, 345, 346]
[342, 346, 342]
[347, 346, 344]
[344, 345, 346]
[344, 345, 343]
[344, 344, 345]
[341, 342, 344]
[342, 345, 342]
[343, 345, 345]
[341, 344, 347]
[343, 345, 344]
[342, 345, 345]
[342, 343, 344]
[342, 345, 345]
[343, 345, 346]
[345, 345, 344]
[342, 344, 344]
[340, 346, 345]
[341, 346, 345]
[342, 344, 348]
[342, 343, 346]
[344, 343, 344]
[342, 345, 346]
[342, 345, 344]
[341, 345, 344]
[341, 345, 344]
[342, 344, 346]
[342, 345, 348]
[343, 346, 345]
[340, 345, 344]
[341, 344, 346]
[343, 345, 345]
[344, 349, 345]
[340, 345, 344]
[342, 345, 345]
[341, 349, 349]
[343, 345, 346]
[345, 345, 346]
[340, 344, 344]
[341, 343, 344]
[342, 345, 344]
[341, 346, 344]
[342, 345, 345]
[347, 349, 349]
[340, 345, 344]
[342, 347, 344]
[344, 348, 346]
[340, 344, 344]
[342, 345, 344]
[344, 345, 347]
[343, 342, 346]
[346, 346, 345]
[342, 343, 344]
[342, 344, 346]
[344, 345, 343]
[343, 346, 345]
[343, 345, 345]
[342, 344, 343]
[342, 344, 345]
[345, 348, 348]
[342, 344, 344]
[339, 345, 345]
[343, 343, 343]
[342, 345, 345]
[340, 343, 346]
[341, 344, 341]
[342, 345, 344]
[342, 350, 346]
[344, 344, 344]
[340, 345, 345]
[344, 344, 346]
[342, 345, 344]
[340, 345, 345]
[342, 344, 345]
[341, 346, 343]
[344, 347, 345]
[344, 344, 343]
[342, 344, 345]
[340, 343, 346]
[342, 343, 345]
[341, 344, 346]
[340, 344, 345]
[340, 344, 343]
[342, 346, 345]
[342, 344, 343]
[343, 343, 345]
[342, 345, 347]
[340, 344, 345]
[343, 347, 343]
[342, 344, 345]
[342, 343, 345]
[341, 346, 343]
[340, 346, 348]
[342, 345, 345]
[342, 348, 344]
[340, 344, 344]
[344, 343, 343]
[343, 345, 345]
[343, 344, 343]
[342, 342, 344]
[344, 347, 349]
[340, 343, 343]
[345, 343, 344]
[343, 346, 345]
[342, 344, 343]
[344, 343, 343]
[342, 344, 345]
[340, 342, 343]
[344, 348, 347]
[341, 345, 344]
[342, 342, 344]
[345, 346, 345]
[342, 342, 345]
[343, 342, 344]
[344, 345, 345]
[341, 343, 344]
[344, 350, 348]
[340, 346, 344]
[342, 343, 343]
[342, 343, 344]
[344, 344, 345]
[342, 343, 344]
[340, 345, 344]
[342, 346, 346]
[344, 343, 344]
[342, 345, 344]
[340, 343, 345]
[342, 346, 343]
[341, 345, 344]
[341, 346, 344]
[342, 344, 343]
[342, 347, 347]
[341, 342, 344]
[342, 343, 344]
[340, 345, 346]
[342, 343, 347]
[344, 342, 343]
[340, 346, 343]
[339, 344, 347]
[349, 350, 342]
[345, 345, 345]
[343, 343, 342]
[343, 345, 345]
[341, 345, 345]
[342, 347, 344]
[343, 344, 342]
[340, 345, 345]
[343, 345, 344]
[343, 344, 343]
[342, 348, 343]
[342, 342, 344]
[343, 343, 344]
[342, 345, 344]
[344, 342, 344]
[345, 344, 344]
[341, 343, 344]
[342, 344, 344]
[342, 343, 344]
[342, 342, 343]
[341, 343, 345]
[341, 343, 344]
[342, 344, 342]
[342, 345, 343]
[342, 342, 344]
[342, 343, 344]
[339, 344, 345]
[342, 342, 344]
[343, 344, 343]
[340, 343, 347]
[342, 342, 342]
[341, 345, 343]
[344, 348, 349]
[342, 344, 342]
[342, 343, 347]
[340, 343, 344]
[341, 343, 344]
[341, 344, 343]
[342, 344, 343]
[341, 344, 345]
[343, 346, 348]
[342, 343, 342]
[343, 344, 344]
[341, 344, 343]
[341, 343, 345]
[342, 343, 347]
[341, 342, 344]
[342, 344, 342]
[342, 349, 349]
[341, 343, 342]
[344, 344, 343]
[340, 343, 349]
[341, 343, 344]
[342, 345, 343]
[340, 343, 345]
[340, 342, 343]
[346, 350, 346]
[342, 342, 345]
[342, 343, 344]
[342, 346, 343]
[339, 344, 343]
[344, 346, 345]
[344, 345, 344]
[341, 344, 345]
[346, 348, 345]
[342, 345, 347]
[341, 343, 347]
[346, 345, 343]
[340, 344, 344]
[341, 343, 342]
[345, 346, 343]
[343, 345, 344]
[346, 347, 342]
[344, 344, 343]
[342, 344, 342]
[342, 343, 342]
[344, 347, 342]
[340, 343, 343]
[341, 343, 344]
[344, 344, 343]
[343, 344, 344]
[344, 343, 345]
[344, 345, 344]
[342, 342, 343]
[344, 345, 343]
[343, 344, 343]
[342, 341, 342]
[342, 344, 343]
[341, 344, 344]
[343, 343, 346]
[342, 346, 344]
[342, 342, 344]
[343, 342, 343]
[341, 344, 343]
[342, 344, 345]
[341, 343, 342]
[341, 343, 343]
[339, 345, 346]
[341, 344, 343]
[341, 344, 343]
[342, 343, 342]
[339, 343, 343]
[342, 344, 344]
[340, 345, 342]
[342, 342, 345]
[343, 345, 350]
[342, 342, 342]
[342, 343, 345]
[340, 343, 345]
[342, 343, 342]
[342, 344, 345]
[342, 344, 343]
[342, 341, 342]
[342, 347, 349]
[342, 342, 344]
[343, 345, 342]
[342, 343, 345]
[340, 343, 343]
[341, 346, 343]
[341, 346, 344]
[340, 341, 344]
[343, 346, 344]
[341, 344, 345]
[342, 342, 343]
[343, 344, 342]
[341, 344, 344]
[342, 343, 342]
[342, 344, 343]
[344, 343, 344]
[343, 344, 348]
[341, 344, 343]
[340, 343, 344]
[343, 346, 343]
[342, 342, 343]
[341, 342, 344]
[339, 341, 344]
[342, 343, 343]
[342, 347, 346]
[341, 342, 342]
[342, 344, 343]
[341, 344, 343]
[340, 341, 343]
[342, 344, 343]
[340, 343, 344]
[340, 343, 344]
[343, 346, 343]
[341, 344, 344]
[340, 342, 342]
[341, 342, 343]
[339, 343, 342]
[342, 342, 345]
[342, 343, 346]
[341, 342, 343]
[342, 343, 342]
[341, 345, 347]
[339, 341, 343]
[343, 343, 342]
[341, 343, 344]
[341, 343, 344]
[342, 345, 343]
[341, 343, 344]
[341, 343, 344]
[340, 342, 344]
[341, 343, 341]
[341, 343, 344]
[345, 343, 344]
[342, 343, 342]
[341, 344, 342]
[346, 347, 344]
[342, 343, 341]
[340, 343, 343]
[341, 342, 342]
[341, 344, 343]
[341, 344, 344]
[342, 343, 341]
[340, 341, 343]
[342, 344, 348]
[343, 342, 345]
[342, 343, 343]
[341, 342, 342]
[343, 343, 342]
[341, 344, 343]
[343, 342, 343]
[342, 342, 342]
[344, 344, 346]
[342, 343, 341]
[341, 344, 345]
[342, 341, 343]
[342, 343, 344]
[341, 343, 345]
[341, 344, 344]
[346, 346, 346]
[340, 341, 342]
[338, 343, 343]
[341, 341, 343]
[343, 343, 342]
[339, 344, 344]
[340, 341, 342]
[345, 347, 350]
[340, 344, 342]
[340, 343, 343]
[341, 344, 344]
[342, 341, 344]
[343, 343, 345]
[341, 343, 343]
[339, 341, 344]
[345, 344, 346]
[341, 343, 343]
[341, 345, 343]
[340, 343, 345]
[341, 342, 343]
[341, 343, 343]
[342, 344, 343]
[338, 344, 343]
[341, 342, 343]
[341, 342, 347]
[341, 343, 343]
[344, 344, 343]
[342, 341, 345]
[342, 343, 341]
[339, 343, 343]
[342, 343, 341]
[341, 344, 344]
[342, 343, 345]
[341, 346, 343]
[340, 345, 344]
[342, 343, 342]
[341, 344, 344]
[341, 346, 343]
[341, 340, 343]
[346, 344, 346]
[341, 344, 345]
[340, 343, 343]
[340, 341, 343]
[341, 343, 342]
[341, 344, 343]
[342, 342, 343]
[343, 346, 346]
[342, 343, 344]
[341, 343, 343]
[342, 347, 344]
[343, 343, 344]
[339, 341, 344]
[341, 344, 341]
[340, 343, 345]
[342, 346, 345]
[342, 345, 342]
[339, 343, 344]
[339, 342, 345]
[343, 344, 342]
[340, 344, 343]
[340, 341, 344]
[340, 341, 343]
[342, 344, 346]
[341, 344, 344]
[342, 343, 341]
[340, 343, 343]
[341, 343, 344]
[341, 341, 343]
[341, 343, 342]
[339, 341, 344]
[343, 345, 346]
[340, 342, 343]
[339, 343, 345]
[342, 341, 343]
[340, 346, 343]
[338, 343, 343]
[343, 344, 343]
[340, 345, 344]
[342, 342, 341]
[342, 341, 343]
[339, 343, 342]
[339, 342, 344]
[342, 344, 342]
[341, 346, 342]
[339, 342, 341]
[339, 344, 341]
[342, 343, 345]
[342, 341, 343]
[342, 343, 343]
[339, 343, 344]
[340, 342, 341]
[342, 343, 343]
[342, 342, 343]
[338, 341, 341]
[343, 343, 343]
[340, 341, 345]
[341, 344, 343]
[342, 344, 343]
[341, 340, 343]
[340, 342, 341]
[342, 344, 341]
[339, 344, 343]
[339, 342, 341]
[340, 343, 344]
[341, 341, 342]
[341, 347, 343]
[338, 342, 341]
[340, 342, 341]
[340, 344, 343]
[339, 341, 345]
[341, 345, 346]
[340, 340, 343]
[341, 343, 344]
[341, 343, 344]
[342, 340, 341]
[339, 342, 343]
[340, 342, 343]
[338, 343, 341]
[343, 344, 346]
[339, 342, 344]
[341, 341, 340]
[341, 344, 346]
[338, 342, 343]
[339, 344, 342]
[341, 341, 343]
[338, 342, 344]
[343, 348, 344]
[341, 343, 343]
[341, 342, 341]
[341, 342, 344]
[339, 343, 345]
[339, 341, 341]
[341, 343, 342]
[341, 343, 343]
[344, 342, 344]
[341, 344, 344]
[338, 342, 343]
[342, 343, 343]
[341, 342, 343]
[340, 342, 343]
[342, 341, 340]
[341, 344, 343]
[345, 344, 345]
[343, 343, 344]
[338, 342, 344]
[339, 343, 342]
[341, 341, 342]
[341, 343, 345]
[338, 343, 341]
[342, 340, 341]
[339, 343, 341]
[339, 341, 343]
[344, 340, 342]
[345, 343, 343]
[339, 340, 344]
[339, 342, 340]
[341, 345, 342]
[341, 340, 341]
[341, 341, 342]
[340, 343, 344]
[339, 343, 343]
[340, 340, 340]
[340, 341, 344]
[343, 342, 344]
[344, 340, 342]
[343, 342, 342]
[340, 340, 344]
[340, 340, 341]
[342, 345, 344]
[341, 343, 344]
[342, 341, 345]
[342, 346, 344]
[341, 343, 342]
[344, 341, 342]
[340, 343, 341]
[341, 340, 341]
[342, 345, 342]
[344, 345, 343]
[343, 342, 340]
[341, 343, 343]
[341, 342, 341]
[342, 340, 342]
[342, 342, 342]
[341, 341, 342]
[340, 341, 341]
[343, 343, 346]
[339, 342, 343]
[340, 341, 343]
[339, 342, 344]
[339, 340, 342]
[342, 342, 341]
[342, 344, 342]
[339, 342, 341]
[342, 345, 342]
[339, 341, 343]
[340, 343, 341]
[341, 343, 343]
[340, 341, 344]
[341, 339, 342]
[343, 342, 340]
[341, 344, 345]
[344, 345, 345]
[345, 344, 342]
[355, 343, 344]
[356, 341, 342]
[362, 345, 341]
[360, 344, 343]
[351, 341, 342]
[351, 344, 342]
[352, 346, 344]
[354, 345, 340]
[356, 343, 341]
[353, 341, 344]
[353, 343, 342]
[357, 345, 344]
[355, 343, 344]
[352, 342, 340]
[351, 345, 344]
[350, 342, 340]
[372, 343, 343]
[373, 345, 342]
[346, 342, 341]
[345, 342, 344]
[358, 344, 343]
[361, 343, 342]
[364, 344, 344]
[363, 344, 344]
[364, 344, 343]
[361, 344, 345]
[361, 341, 344]
[361, 344, 341]
[362, 343, 344]
[365, 345, 342]
[367, 344, 340]
[349, 344, 344]
[350, 341, 340]
[348, 342, 341]
[351, 343, 341]
[353, 342, 340]
[352, 344, 343]
[354, 340, 341]
[357, 341, 342]
[355, 346, 344]
[356, 341, 343]
[360, 342, 342]
[357, 343, 342]
[352, 342, 340]
[351, 340, 343]
[345, 343, 341]
[346, 342, 340]
[344, 345, 344]
[340, 341, 341]
[342, 341, 342]
[344, 344, 342]
[345, 342, 342]
[359, 344, 342]
[359, 343, 344]
[352, 340, 342]
[355, 346, 345]
[350, 343, 342]
[351, 343, 340]
[352, 343, 344]
[381, 342, 342]
[382, 343, 343]
[340, 343, 342]
[337, 340, 344]
[360, 344, 343]
[357, 344, 344]
[355, 343, 341]
[355, 342, 343]
[355, 341, 344]
[360, 343, 342]
[360, 344, 345]
[365, 344, 341]
[367, 343, 345]
[365, 344, 342]
[364, 341, 341]
[366, 343, 342]
[375, 344, 341]
[373, 346, 341]
[382, 344, 342]
[386, 348, 341]
[389, 347, 342]
[386, 346, 342]
[375, 344, 341]
[375, 344, 342]
[376, 344, 341]
[364, 342, 345]
[360, 343, 340]
[365, 343, 343]
[369, 342, 342]
[363, 342, 341]
[362, 344, 341]
[352, 343, 340]
[351, 341, 343]
[353, 344, 341]
[360, 346, 342]
[362, 342, 341]
[352, 344, 344]
[353, 342, 346]
[356, 342, 344]
[356, 341, 345]
[360, 341, 341]
[359, 344, 343]
[358, 344, 342]
[369, 341, 342]
[370, 343, 344]
[344, 345, 344]
[339, 342, 341]
[355, 343, 343]
[352, 343, 344]
[353, 342, 342]
[361, 342, 343]
[359, 344, 343]
[361, 343, 343]
[365, 348, 344]
[365, 342, 342]
[366, 345, 341]
[380, 345, 342]
[379, 345, 342]
[377, 345, 342]
[378, 344, 344]
[385, 350, 346]
[380, 345, 345]
[380, 345, 343]
[377, 345, 341]
[369, 344, 343]
[370, 343, 345]
[369, 343, 341]
[366, 343, 340]
[370, 346, 344]
[364, 343, 341]
[360, 343, 344]
[369, 342, 344]
[365, 341, 342]
[352, 344, 341]
[350, 345, 344]
[352, 343, 341]
[358, 347, 344]
[353, 344, 343]
[353, 342, 344]
[353, 343, 343]
[352, 343, 343]
[353, 343, 341]
[350, 343, 345]
[352, 343, 341]
[354, 343, 352]
[375, 343, 344]
[377, 344, 341]
[342, 343, 343]
[341, 343, 344]
[357, 345, 342]
[357, 344, 343]
[356, 346, 343]
[359, 342, 341]
[356, 344, 346]
[354, 343, 342]
[356, 344, 341]
[361, 344, 344]
[360, 343, 341]
[365, 342, 343]
[365, 343, 347]
[367, 343, 342]
[365, 347, 342]
[363, 342, 344]
[377, 344, 343]
[377, 349, 346]
[388, 345, 344]
[391, 344, 343]
[401, 347, 344]
[399, 347, 345]
[401, 348, 347]
[403, 348, 343]
[401, 347, 344]
[407, 347, 342]
[405, 350, 343]
[406, 348, 342]
[407, 348, 343]
[391, 347, 344]
[391, 347, 344]
[394, 349, 343]
[388, 344, 342]
[383, 346, 343]
[383, 345, 346]
[375, 344, 344]
[377, 345, 341]
[379, 346, 344]
[382, 344, 343]
[384, 346, 344]
[383, 346, 343]
[383, 345, 342]
[378, 346, 343]
[377, 346, 345]
[383, 345, 343]
[382, 350, 346]
[382, 344, 343]
[377, 347, 343]
[376, 344, 345]
[382, 344, 344]
[382, 346, 343]
[379, 345, 344]
[379, 346, 346]
[381, 347, 345]
[377, 345, 344]
[379, 344, 345]
[374, 347, 343]
[373, 346, 344]
[365, 345, 344]
[368, 347, 342]
[377, 348, 346]
[381, 346, 344]
[386, 346, 343]
[384, 347, 347]
[383, 345, 343]
[397, 348, 343]
[393, 349, 344]
[401, 347, 344]
[407, 349, 345]
[405, 354, 346]
[401, 347, 344]
[402, 349, 345]
[402, 349, 348]
[403, 349, 344]
[403, 350, 345]
[403, 348, 346]
[399, 347, 346]
[400, 349, 345]
[404, 349, 345]
[403, 349, 345]
[395, 349, 346]
[396, 346, 343]
[389, 348, 344]
[386, 348, 346]
[371, 344, 344]
[356, 345, 345]
[359, 345, 345]
[360, 346, 344]
[358, 345, 346]
[356, 345, 345]
[354, 346, 347]
[354, 345, 345]
[362, 343, 343]
[361, 346, 345]
[359, 347, 344]
[347, 343, 345]
[350, 345, 343]
[348, 348, 344]
[349, 346, 347]
[354, 345, 344]
[351, 346, 343]
[361, 345, 346]
[359, 346, 345]
[359, 344, 345]
[357, 345, 343]
[360, 346, 344]
[355, 347, 348]
[354, 345, 346]
[368, 345, 344]
[359, 346, 345]
[358, 343, 345]
[369, 345, 343]
[372, 350, 348]
[393, 349, 344]
[401, 347, 345]
[400, 346, 345]
[410, 349, 342]
[412, 349, 346]
[416, 352, 348]
[415, 350, 345]
[403, 349, 345]
[405, 350, 344]
[400, 348, 345]
[400, 349, 345]
[400, 348, 345]
[376, 347, 345]
[380, 346, 347]
[363, 346, 346]
[363, 345, 345]
[366, 345, 345]
[367, 345, 344]
[365, 346, 345]
[366, 345, 345]
[367, 345, 344]
[370, 345, 345]
[367, 346, 346]
[347, 346, 345]
[347, 346, 345]
[354, 343, 344]
[353, 345, 344]
[353, 345, 349]
[358, 344, 347]
[360, 345, 343]
[359, 346, 344]
[360, 347, 346]
[356, 346, 344]
[356, 347, 345]
[379, 344, 345]
[380, 347, 343]
[377, 349, 346]
[355, 344, 344]
[359, 346, 348]
[365, 346, 348]
[389, 347, 346]
[385, 348, 344]
[401, 351, 345]
[403, 350, 344]
[402, 351, 346]
[408, 351, 349]
[413, 351, 344]
[409, 352, 346]
[407, 349, 345]
[409, 349, 345]
[410, 351, 347]
[410, 349, 346]
[407, 349, 345]
[410, 353, 351]
[407, 348, 346]
[409, 349, 348]
[412, 351, 347]
[408, 350, 345]
[399, 348, 344]
[401, 349, 346]
[400, 349, 345]
[387, 349, 346]
[370, 348, 344]
[371, 349, 345]
[357, 347, 346]
[355, 346, 346]
[357, 345, 347]
[358, 347, 348]
[358, 348, 344]
[358, 346, 346]
[357, 344, 346]
[359, 347, 345]
[359, 345, 345]
[360, 345, 346]
[356, 345, 346]
[356, 349, 347]
[358, 347, 344]
[359, 349, 346]
[359, 343, 346]
[361, 345, 344]
[358, 348, 346]
[368, 345, 345]
[369, 345, 345]
[388, 350, 346]
[387, 346, 345]
[390, 347, 344]
[399, 349, 346]
[397, 350, 346]
[406, 351, 344]
[407, 350, 347]
[407, 351, 347]
[408, 353, 345]
[408, 351, 350]
[405, 350, 345]
[405, 351, 348]
[409, 351, 349]
[409, 349, 345]
[407, 351, 348]
[407, 351, 348]
[408, 350, 346]
[407, 351, 348]
[404, 351, 346]
[396, 349, 344]
[395, 351, 347]
[377, 350, 349]
[376, 347, 345]
[372, 349, 346]
[370, 347, 347]
[364, 348, 349]
[364, 350, 349]
[365, 347, 347]
[368, 346, 344]
[367, 349, 345]
[364, 346, 346]
[370, 346, 346]
[357, 348, 346]
[354, 349, 348]
[365, 348, 345]
[366, 348, 346]
[365, 348, 346]
[358, 346, 345]
[357, 348, 347]
[348, 348, 349]
[347, 345, 348]
[365, 348, 348]
[360, 347, 347]
[356, 344, 348]
[357, 347, 345]
[355, 345, 347]
[359, 347, 345]
[363, 348, 346]
[362, 350, 348]
[366, 349, 349]
[369, 349, 347]
[368, 345, 347]
[370, 349, 345]
[378, 347, 347]
[376, 346, 348]
[389, 349, 345]
[389, 349, 349]
[403, 353, 348]
[404, 351, 347]
[408, 352, 347]
[405, 350, 348]
[408, 351, 345]
[405, 351, 347]
[403, 351, 347]
[405, 353, 347]
[409, 355, 351]
[396, 348, 346]
[393, 352, 348]
[381, 349, 348]
[382, 349, 344]
[382, 349, 345]
[372, 347, 347]
[375, 346, 345]
[371, 351, 347]
[363, 347, 346]
[365, 348, 344]
[363, 350, 347]
[363, 347, 347]
[367, 349, 347]
[362, 347, 345]
[361, 348, 347]
[366, 349, 349]
[351, 347, 350]
[351, 345, 344]
[359, 346, 345]
[359, 346, 348]
[357, 346, 348]
[357, 347, 348]
[357, 348, 347]
[357, 346, 345]
[355, 349, 349]
[354, 348, 347]
[355, 347, 345]
[370, 348, 347]
[367, 346, 348]
[369, 347, 345]
[364, 350, 347]
[361, 346, 345]
[366, 349, 349]
[365, 348, 347]
[379, 346, 348]
[381, 348, 347]
[402, 352, 347]
[400, 349, 348]
[400, 351, 349]
[404, 352, 347]
[400, 351, 349]
[343, 347, 347]
[343, 346, 346]
[362, 348, 349]
[362, 347, 348]
[408, 350, 347]
[407, 351, 345]
[408, 352, 349]
[410, 357, 349]
[408, 352, 349]
[389, 350, 348]
[390, 351, 346]
[366, 350, 347]
[368, 348, 348]
[361, 348, 345]
[359, 349, 346]
[365, 350, 351]
[369, 348, 347]
[348, 345, 348]
[348, 347, 346]
[360, 347, 348]
[357, 345, 348]
[357, 347, 346]
[362, 351, 350]
[360, 347, 349]
[352, 347, 347]
[357, 348, 347]
[359, 349, 345]
[367, 346, 346]
[363, 348, 347]
[367, 351, 353]
[367, 348, 347]
[364, 348, 346]
[384, 349, 346]
[385, 349, 347]
[402, 351, 350]
[405, 351, 347]
[413, 352, 346]
[416, 352, 348]
[410, 352, 346]
[403, 354, 349]
[402, 351, 347]
[372, 347, 349]
[372, 349, 347]
[343, 350, 348]
[343, 345, 347]
[405, 352, 348]
[403, 352, 347]
[402, 351, 347]
[409, 353, 348]
[381, 349, 347]
[382, 350, 349]
[361, 348, 346]
[360, 351, 345]
[361, 349, 348]
[361, 347, 347]
[360, 347, 349]
[369, 348, 347]
[365, 349, 349]
[354, 348, 345]
[355, 348, 348]
[364, 346, 346]
[364, 350, 350]
[361, 347, 346]
[360, 349, 348]
[360, 348, 347]
[361, 347, 345]
[362, 347, 346]
[360, 351, 349]
[357, 346, 346]
[361, 346, 347]
[362, 348, 346]
[369, 349, 351]
[369, 348, 347]
[358, 348, 347]
[360, 347, 348]
[384, 348, 347]
[389, 351, 351]
[403, 352, 347]
[404, 353, 347]
[403, 352, 349]
[408, 353, 347]
[409, 352, 346]
[393, 349, 348]
[389, 349, 349]
[350, 350, 351]
[349, 346, 347]
[382, 350, 348]
[383, 350, 348]
[407, 352, 349]
[382, 350, 349]
[381, 350, 352]
[365, 349, 347]
[364, 349, 348]
[366, 351, 346]
[356, 351, 349]
[358, 349, 349]
[362, 347, 349]
[366, 349, 347]
[353, 347, 349]
[348, 348, 347]
[343, 347, 348]
[344, 347, 348]
[343, 348, 347]
[346, 347, 347]
[341, 348, 348]
[345, 348, 348]
[348, 348, 347]
[356, 348, 347]
[353, 348, 348]
[366, 349, 348]
[367, 349, 346]
[366, 350, 349]
[364, 349, 350]
[364, 347, 346]
[358, 349, 346]
[359, 349, 348]
[365, 349, 348]
[363, 347, 349]
[376, 350, 349]
[376, 349, 347]
[373, 348, 348]
[391, 351, 347]
[392, 353, 349]
[399, 352, 352]
[401, 352, 347]
[406, 353, 349]
[405, 352, 349]
[407, 353, 349]
[395, 351, 348]
[394, 350, 349]
[388, 350, 348]
[386, 352, 351]
[376, 349, 347]
[363, 349, 349]
[365, 347, 347]
[366, 351, 348]
[359, 350, 352]
[359, 348, 346]
[380, 352, 352]
[380, 348, 348]
[360, 347, 349]
[357, 349, 348]
[347, 348, 347]
[347, 347, 348]
[348, 349, 348]
[341, 347, 349]
[346, 350, 351]
[342, 350, 347]
[344, 346, 348]
[347, 347, 349]
[346, 351, 349]
[355, 347, 347]
[357, 349, 347]
[354, 351, 348]
[363, 351, 352]
[362, 349, 346]
[362, 349, 348]
[362, 348, 349]
[369, 350, 347]
[370, 349, 349]
[370, 352, 352]
[378, 349, 346]
[382, 350, 347]
[390, 352, 349]
[390, 349, 350]
[401, 350, 350]
[399, 352, 351]
[398, 350, 349]
[389, 355, 349]
[384, 351, 349]
[387, 349, 348]
[389, 351, 348]
[377, 348, 350]
[373, 350, 349]
[369, 350, 347]
[368, 350, 351]
[372, 350, 347]
[370, 348, 347]
[367, 348, 350]
[364, 348, 347]
[364, 350, 349]
[352, 348, 349]
[354, 347, 349]
[358, 349, 347]
[355, 347, 350]
[358, 351, 350]
[358, 350, 348]
[355, 349, 349]
[364, 349, 348]
[361, 352, 349]
[357, 347, 349]
[360, 348, 347]
[360, 349, 349]
[359, 350, 354]
[360, 350, 351]
[363, 351, 347]
[365, 348, 348]
[351, 349, 349]
[347, 349, 350]
[365, 348, 349]
[369, 351, 349]
[365, 350, 350]
[364, 350, 348]
[366, 349, 351]
[373, 350, 348]
[372, 349, 349]
[387, 351, 349]
[387, 352, 348]
[398, 351, 349]
[403, 354, 354]
[399, 352, 349]
[396, 351, 348]
[398, 352, 349]
[393, 350, 347]
[394, 351, 349]
[391, 351, 348]
[391, 351, 349]
[379, 354, 350]
[377, 350, 347]
[377, 350, 349]
[361, 348, 350]
[361, 350, 347]
[370, 350, 350]
[350, 347, 346]
[353, 351, 352]
[356, 349, 348]
[356, 348, 348]
[354, 349, 349]
[363, 351, 348]
[363, 350, 349]
[351, 349, 352]
[348, 349, 349]
[350, 350, 347]
[347, 352, 350]
[349, 348, 347]
[349, 350, 349]
[349, 349, 352]
[358, 348, 350]
[360, 351, 348]
[359, 350, 350]
[360, 349, 348]
[357, 350, 351]
[357, 349, 351]
[357, 349, 349]
[359, 352, 350]
[360, 350, 350]
[367, 351, 349]
[366, 351, 350]
[360, 348, 349]
[364, 349, 350]
[373, 350, 351]
[373, 350, 349]
[375, 350, 348]
[359, 350, 349]
[359, 348, 348]
[371, 350, 348]
[369, 349, 350]
[368, 350, 352]
[375, 348, 349]
[362, 351, 349]
[361, 349, 350]
[365, 349, 348]
[365, 350, 350]
[362, 348, 351]
[367, 349, 350]
[369, 352, 351]
[352, 349, 350]
[353, 351, 347]
[365, 349, 349]
[360, 350, 349]
[363, 349, 350]
[356, 348, 350]
[352, 350, 350]
[347, 350, 350]
[345, 350, 352]
[340, 347, 348]
[343, 349, 349]
[342, 347, 351]
[343, 347, 349]
[341, 351, 347]
[347, 349, 349]
[350, 350, 352]
[360, 351, 350]
[359, 349, 351]
[359, 349, 349]
[359, 351, 348]
[360, 350, 349]
[360, 348, 350]
[358, 353, 349]
[362, 352, 352]
[361, 350, 349]
[368, 352, 350]
[367, 349, 351]
[380, 351, 347]
[380, 353, 350]
[379, 348, 350]
[398, 351, 350]
[401, 355, 355]
[409, 353, 348]
[413, 356, 349]
[362, 349, 349]
[363, 349, 350]
[339, 350, 351]
[341, 348, 350]
[338, 349, 350]
[376, 351, 348]
[373, 352, 350]
[414, 352, 349]
[415, 355, 350]
[410, 354, 350]
[410, 351, 348]
[413, 355, 348]
[401, 352, 351]
[399, 350, 349]
[370, 350, 351]
[369, 350, 349]
[368, 350, 348]
[368, 349, 350]
[356, 348, 350]
[355, 349, 350]
[360, 350, 351]
[362, 348, 348]
[360, 350, 349]
[361, 350, 350]
[361, 349, 351]
[352, 349, 349]
[352, 352, 350]
[356, 352, 351]
[354, 351, 350]
[365, 349, 348]
[366, 351, 350]
[379, 349, 349]
[376, 349, 351]
[407, 353, 350]
[410, 354, 349]
[405, 357, 353]
[410, 355, 349]
[412, 354, 349]
[345, 349, 348]
[344, 350, 349]
[340, 348, 350]
[339, 350, 350]
[342, 349, 350]
[343, 349, 351]
[343, 347, 349]
[341, 350, 349]
[341, 349, 350]
[407, 354, 348]
[408, 354, 349]
[411, 355, 350]
[410, 352, 351]
[405, 354, 349]
[404, 351, 348]
[374, 351, 350]
[374, 351, 351]
[364, 350, 349]
[361, 349, 348]
[361, 350, 350]
[362, 353, 356]
[363, 351, 350]
[360, 350, 348]
[361, 348, 349]
[349, 350, 350]
[350, 352, 350]
[348, 349, 348]
[346, 353, 349]
[343, 347, 349]
[342, 351, 349]
[345, 351, 350]
[346, 348, 350]
[359, 350, 351]
[359, 350, 352]
[359, 347, 348]
[366, 354, 350]
[383, 351, 348]
[383, 351, 350]
[360, 347, 349]
[360, 350, 349]
[370, 352, 350]
[369, 349, 348]
[393, 354, 349]
[393, 353, 349]
[393, 350, 348]
[406, 354, 349]
[408, 353, 349]
[413, 354, 351]
[412, 355, 351]
[409, 354, 350]
[412, 354, 350]
[412, 355, 350]
[412, 353, 349]
[415, 357, 351]
[410, 353, 351]
[408, 353, 348]
[396, 354, 350]
[394, 353, 351]
[363, 349, 349]
[363, 353, 350]
[363, 351, 352]
[362, 348, 349]
[364, 351, 350]
[376, 350, 352]
[373, 349, 349]
[352, 355, 352]
[350, 348, 350]
[355, 348, 349]
[355, 350, 349]
[355, 348, 350]
[356, 352, 350]
[356, 350, 350]
[357, 348, 350]
[360, 354, 353]
[361, 350, 351]
[361, 352, 351]
[365, 351, 348]
[363, 351, 350]
[364, 348, 353]
[369, 351, 348]
[366, 350, 350]
[375, 352, 354]
[367, 351, 350]
[390, 352, 352]
[392, 353, 350]
[389, 353, 349]
[407, 356, 351]
[408, 355, 349]
[414, 356, 350]
[414, 357, 354]
[412, 356, 351]
[415, 354, 350]
[413, 354, 350]
[414, 355, 352]
[411, 353, 351]
[410, 355, 350]
[416, 359, 351]
[414, 355, 351]
[407, 356, 349]
[408, 356, 352]
[382, 351, 349]
[379, 352, 351]
[380, 350, 351]
[369, 351, 349]
[371, 352, 351]
[364, 351, 350]
[361, 350, 351]
[363, 351, 349]
[365, 351, 351]
[351, 351, 351]
[348, 350, 349]
[349, 350, 349]
[336, 350, 351]
[337, 351, 351]
[336, 350, 350]
[333, 349, 349]
[336, 350, 348]
[337, 351, 352]
[337, 350, 351]
[343, 348, 350]
[345, 351, 350]
[355, 351, 354]
[357, 351, 350]
[354, 353, 351]
[355, 350, 351]
[362, 351, 349]
[360, 351, 351]
[361, 350, 350]
[363, 350, 351]
[364, 353, 352]
[369, 351, 352]
[368, 351, 352]
[377, 353, 351]
[378, 351, 351]
[379, 352, 351]
[376, 353, 352]
[376, 351, 349]
[398, 355, 352]
[390, 354, 350]
[389, 353, 350]
[388, 353, 351]
[388, 353, 350]
[387, 352, 349]
[382, 353, 353]
[382, 352, 351]
[384, 355, 351]
[370, 351, 353]
[371, 352, 349]
[371, 352, 353]
[372, 352, 351]
[360, 349, 349]
[363, 351, 349]
[352, 351, 351]
[354, 353, 354]
[353, 351, 350]
[362, 353, 351]
[362, 351, 351]
[363, 353, 349]
[361, 351, 351]
[354, 351, 352]
[355, 351, 352]
[359, 353, 355]
[351, 348, 351]
[351, 351, 349]
[354, 350, 351]
[357, 351, 352]
[362, 351, 349]
[362, 353, 351]
[356, 352, 351]
[359, 357, 352]
[356, 351, 352]
[365, 352, 351]
[362, 352, 351]
[366, 354, 353]
[368, 351, 352]
[378, 352, 351]
[377, 353, 351]
[405, 354, 352]
[402, 355, 351]
[402, 355, 351]
[400, 354, 349]
[404, 354, 351]
[404, 356, 352]
[403, 353, 351]
[401, 353, 350]
[399, 352, 351]
[379, 354, 352]
[382, 352, 355]
[381, 352, 351]
[371, 352, 350]
[373, 352, 351]
[367, 352, 351]
[371, 351, 349]
[367, 351, 352]
[367, 350, 352]
[364, 351, 351]
[353, 352, 351]
[353, 351, 350]
[361, 353, 351]
[362, 351, 350]
[352, 349, 351]
[351, 351, 352]
[348, 352, 354]
[343, 350, 352]
[342, 349, 351]
[343, 349, 351]
[341, 351, 351]
[341, 350, 352]
[339, 350, 349]
[344, 351, 352]
[344, 350, 353]
[344, 349, 351]
[342, 350, 351]
[343, 350, 351]
[345, 350, 349]
[343, 350, 353]
[343, 349, 352]
[345, 351, 350]
[346, 355, 356]
[345, 351, 349]
[345, 351, 351]
[344, 349, 351]
[347, 349, 351]
[344, 354, 351]
[344, 351, 353]
[347, 349, 351]
[347, 356, 355]
[347, 350, 351]
[345, 351, 351]
[344, 349, 349]
[346, 350, 351]
[345, 351, 352]
[348, 351, 352]
[347, 349, 351]
[348, 353, 351]
[344, 350, 351]
[348, 351, 352]
[345, 350, 351]
[347, 349, 350]
[348, 355, 351]
[345, 350, 350]
[349, 351, 350]
[348, 349, 351]
[345, 351, 352]
[347, 353, 352]
[349, 349, 350]
[347, 349, 351]
[358, 351, 351]
[359, 351, 352]
[363, 350, 349]
[364, 352, 348]
[348, 349, 351]
[350, 350, 351]
[367, 353, 351]
[363, 350, 351]
[366, 350, 349]
[361, 354, 352]
[361, 350, 351]
[371, 351, 353]
[368, 352, 351]
[369, 350, 350]
[370, 353, 351]
[372, 352, 351]
[371, 352, 349]
[372, 350, 353]
[369, 351, 351]
[368, 354, 352]
[360, 349, 350]
[358, 350, 351]
[361, 349, 352]
[364, 351, 352]
[358, 351, 350]
[360, 350, 351]
[365, 352, 353]
[359, 350, 351]
[361, 351, 351]
[364, 351, 351]
[361, 352, 349]
[364, 350, 350]
[363, 352, 351]
[351, 349, 351]
[355, 354, 354]
[357, 350, 350]
[356, 350, 348]
[360, 351, 350]
[360, 351, 350]
[363, 351, 349]
[361, 350, 351]
[361, 351, 352]
[362, 356, 353]
[360, 351, 351]
[364, 351, 351]
[365, 350, 349]
[351, 353, 351]
[348, 352, 349]
[361, 349, 349]
[358, 351, 350]
[360, 353, 352]
[370, 352, 351]
[368, 351, 352]
[372, 351, 349]
[372, 352, 351]
[394, 353, 353]
[398, 353, 349]
[396, 352, 349]
[413, 355, 353]
[410, 353, 349]
[409, 355, 354]
[409, 355, 351]
[407, 355, 351]
[408, 354, 353]
[400, 354, 352]
[401, 354, 352]
[404, 358, 351]
[373, 350, 351]
[375, 353, 351]
[369, 353, 351]
[368, 351, 348]
[358, 351, 349]
[357, 351, 351]
[375, 350, 350]
[376, 355, 349]
[374, 351, 352]
[361, 351, 349]
[358, 353, 351]
[359, 351, 350]
[362, 350, 349]
[360, 351, 352]
[357, 351, 352]
[364, 350, 351]
[363, 352, 353]
[364, 349, 350]
[365, 351, 351]
[359, 352, 349]
[371, 351, 351]
[375, 352, 351]
[362, 353, 352]
[362, 352, 349]
[364, 354, 355]
[375, 352, 351]
[375, 352, 352]
[400, 353, 354]
[400, 352, 351]
[414, 356, 350]
[414, 356, 352]
[413, 355, 352]
[418, 359, 353]
[414, 355, 352]
[399, 353, 352]
[400, 354, 351]
[407, 357, 353]
[406, 355, 354]
[410, 353, 350]
[409, 358, 352]
[417, 358, 357]
[414, 358, 350]
[413, 357, 352]
[402, 353, 353]
[403, 355, 350]
[382, 354, 351]
[381, 352, 351]
[371, 351, 350]
[375, 352, 352]
[380, 353, 351]
[374, 356, 352]
[347, 349, 350]
[349, 351, 350]
[360, 352, 352]
[360, 350, 351]
[368, 355, 356]
[363, 353, 351]
[365, 352, 350]
[366, 352, 349]
[367, 353, 352]
[363, 352, 353]
[365, 350, 351]
[366, 353, 352]
[368, 353, 352]
[365, 351, 352]
[362, 352, 352]
[365, 352, 351]
[357, 351, 352]
[356, 352, 350]
[361, 352, 352]
[361, 352, 351]
[370, 351, 354]
[368, 352, 351]
[365, 352, 352]
[365, 352, 352]
[364, 352, 351]
[371, 353, 352]
[371, 354, 354]
[381, 353, 351]
[381, 354, 353]
[372, 351, 353]
[371, 352, 353]
[365, 353, 352]
[364, 351, 352]
[365, 353, 351]
[365, 354, 355]
[368, 352, 351]
[367, 352, 352]
[365, 351, 351]
[365, 351, 350]
[367, 353, 352]
[358, 351, 352]
[359, 352, 351]
[353, 356, 356]
[349, 352, 348]
[341, 351, 352]
[344, 351, 351]
[339, 349, 351]
[340, 352, 352]
[339, 351, 351]
[338, 350, 350]
[341, 352, 354]
[346, 351, 350]
[345, 351, 351]
[349, 351, 352]
[350, 350, 350]
[351, 352, 351]
[364, 352, 351]
[362, 350, 353]
[368, 354, 354]
[363, 352, 350]
[358, 351, 351]
[359, 352, 352]
[364, 352, 352]
[364, 352, 351]
[364, 354, 353]
[367, 352, 350]
[371, 358, 352]
[374, 352, 352]
[373, 352, 350]
[367, 353, 352]
[367, 353, 355]
[367, 351, 350]
[368, 353, 352]
[365, 352, 352]
[370, 353, 354]
[366, 352, 352]
[365, 351, 352]
[365, 352, 352]
[359, 351, 352]
[371, 352, 351]
[368, 354, 353]
[356, 352, 353]
[355, 350, 351]
[344, 351, 353]
[343, 352, 352]
[333, 350, 352]
[336, 350, 351]
[335, 351, 353]
[337, 352, 351]
[338, 352, 351]
[336, 350, 350]
[336, 351, 350]
[338, 352, 349]
[336, 352, 352]
[335, 349, 351]
[334, 350, 350]
[332, 350, 353]
[342, 348, 355]
[345, 351, 351]
[358, 352, 352]
[360, 349, 350]
[359, 352, 350]
[359, 351, 352]
[362, 350, 351]
[362, 351, 351]
[360, 352, 354]
[364, 354, 351]
[363, 352, 350]
[378, 352, 351]
[381, 351, 353]
[354, 351, 351]
[352, 352, 353]
[364, 351, 351]
[364, 354, 352]
[363, 350, 352]
[363, 352, 351]
[362, 351, 351]
[357, 354, 352]
[360, 351, 352]
[365, 353, 351]
[366, 354, 351]
[369, 353, 352]
[356, 352, 353]
[355, 356, 351]
[345, 351, 352]
[343, 350, 352]
[337, 351, 349]
[339, 351, 352]
[340, 353, 351]
[339, 353, 352]
[341, 351, 350]
[350, 352, 354]
[348, 350, 351]
[362, 351, 350]
[363, 353, 351]
[358, 350, 351]
[361, 352, 350]
[378, 354, 355]
[372, 350, 351]
[371, 353, 351]
[356, 353, 350]
[358, 351, 352]
[373, 353, 352]
[373, 353, 352]
[386, 352, 350]
[387, 357, 352]
[394, 352, 351]
[396, 354, 351]
[396, 355, 353]
[400, 355, 350]
[401, 356, 352]
[391, 354, 353]
[392, 352, 354]
[380, 353, 353]
[380, 352, 351]
[380, 354, 352]
[369, 353, 352]
[367, 352, 350]
[366, 351, 351]
[368, 352, 352]
[361, 352, 350]
[365, 352, 351]
[357, 352, 352]
[358, 351, 351]
[360, 351, 352]
[363, 352, 353]
[364, 350, 351]
[348, 352, 352]
[348, 350, 352]
[347, 350, 350]
[344, 352, 352]
[348, 351, 351]
[347, 353, 352]
[347, 351, 351]
[348, 350, 352]
[347, 352, 352]
[361, 354, 352]
[362, 350, 352]
[370, 356, 354]
[366, 354, 352]
[365, 352, 354]
[368, 352, 354]
[364, 352, 351]
[363, 352, 350]
[366, 353, 352]
[371, 351, 351]
[379, 354, 355]
[391, 352, 352]
[393, 355, 351]
[389, 354, 352]
[406, 355, 351]
[405, 359, 352]
[405, 356, 352]
[405, 353, 352]
[415, 357, 354]
[410, 356, 352]
[406, 355, 350]
[405, 355, 353]
[405, 356, 350]
[403, 357, 350]
[402, 354, 351]
[391, 354, 352]
[398, 355, 354]
[370, 352, 353]
[370, 353, 352]
[368, 352, 351]
[365, 352, 352]
[366, 352, 351]
[373, 352, 350]
[372, 353, 352]
[365, 355, 356]
[361, 353, 354]
[354, 350, 352]
[356, 350, 351]
[361, 353, 352]
[359, 352, 352]
[359, 352, 352]
[361, 353, 352]
[359, 352, 352]
[362, 352, 351]
[361, 352, 352]
[361, 353, 352]
[361, 350, 349]
[366, 352, 352]
[366, 352, 357]
[362, 355, 352]
[361, 352, 352]
[364, 353, 350]
[362, 353, 354]
[370, 351, 350]
[369, 353, 352]
[361, 350, 352]
[363, 353, 352]
[363, 353, 354]
[365, 351, 351]
[369, 352, 352]
[365, 353, 352]
[365, 351, 352]
[366, 353, 353]
[363, 352, 353]
[365, 352, 350]
[365, 356, 354]
[361, 350, 352]
[363, 352, 351]
[362, 352, 354]
[365, 351, 352]
[364, 353, 351]
[362, 355, 352]
[361, 353, 352]
[366, 357, 355]
[364, 353, 352]
[370, 351, 351]
[369, 354, 352]
[357, 354, 353]
[356, 352, 351]
[364, 351, 352]
[364, 353, 352]
[367, 355, 356]
[363, 352, 353]
[362, 353, 353]
[362, 353, 355]
[366, 352, 352]
[363, 351, 352]
[364, 353, 354]
[366, 357, 355]
[364, 353, 355]
[362, 353, 353]
[363, 352, 352]
[363, 353, 352]
[365, 354, 353]
[362, 352, 352]
[361, 351, 353]
[363, 359, 357]
[363, 354, 352]
[363, 357, 353]
[364, 352, 353]
[362, 353, 352]
[363, 353, 353]
[364, 353, 353]
[369, 354, 352]
[374, 355, 352]
[367, 352, 353]
[359, 353, 353]
[362, 354, 352]
[364, 352, 353]
[364, 351, 351]
[361, 354, 353]
[362, 352, 354]
[367, 355, 352]
[361, 352, 352]
[364, 353, 352]
[364, 355, 353]
[363, 354, 353]
[366, 353, 350]
[364, 354, 351]
[360, 353, 354]
[360, 353, 353]
[360, 353, 354]
[360, 351, 353]
[358, 355, 354]
[356, 353, 353]
[357, 353, 351]
[363, 355, 352]
[363, 352, 354]
[365, 353, 352]
[366, 355, 354]
[364, 353, 353]
[363, 353, 351]
[361, 354, 353]
[363, 353, 356]
[365, 351, 353]
[358, 354, 353]
[355, 353, 353]
[361, 354, 354]
[361, 353, 354]
[363, 351, 352]
[363, 354, 353]
[363, 353, 354]
[359, 354, 353]
[360, 354, 352]
[362, 355, 355]
[365, 354, 355]
[362, 353, 354]
[362, 354, 353]
[363, 354, 351]
[363, 354, 353]
[363, 354, 353]
[368, 351, 351]
[368, 355, 354]
[369, 358, 355]
[365, 357, 354]
[368, 354, 354]
[369, 353, 352]
[370, 355, 352]
[370, 353, 353]
[368, 355, 353]
[371, 354, 354]
[375, 356, 354]
[373, 352, 353]
[372, 353, 352]
[361, 352, 353]
[360, 352, 353]
[360, 353, 353]
[364, 354, 353]
[365, 354, 353]
[364, 359, 368]
[363, 352, 353]
[362, 353, 351]
[359, 353, 355]
[360, 352, 352]
[367, 354, 352]
[366, 354, 353]
[355, 353, 354]
[362, 356, 354]
[360, 355, 353]
[356, 353, 353]
[361, 351, 353]
[359, 353, 353]
[358, 353, 351]
[361, 350, 352]
[361, 354, 352]
[366, 354, 354]
[365, 354, 353]
[361, 355, 352]
[357, 354, 354]
[366, 351, 353]
[368, 353, 353]
[363, 354, 354]
[360, 353, 350]
[364, 355, 353]
[357, 352, 354]
[357, 354, 351]
[370, 354, 354]
[370, 352, 353]
[369, 354, 352]
[368, 352, 358]
[368, 352, 352]
[385, 354, 352]
[384, 355, 356]
[398, 353, 353]
[396, 355, 354]
[409, 355, 353]
[408, 356, 353]
[406, 357, 354]
[402, 359, 352]
[403, 356, 352]
[395, 357, 356]
[394, 355, 351]
[388, 355, 354]
[385, 353, 354]
[376, 352, 352]
[374, 354, 353]
[375, 354, 356]
[368, 354, 351]
[367, 355, 358]
[371, 351, 353]
[372, 354, 353]
[359, 353, 357]
[358, 353, 352]
[356, 352, 353]
[354, 355, 355]
[353, 353, 353]
[369, 357, 358]
[365, 352, 355]
[351, 352, 351]
[351, 354, 353]
[349, 353, 353]
[350, 351, 352]
[349, 353, 351]
[346, 352, 354]
[351, 354, 354]
[353, 356, 353]
[353, 352, 352]
[362, 353, 353]
[360, 355, 352]
[366, 352, 352]
[368, 353, 353]
[366, 352, 353]
[367, 356, 355]
[363, 353, 356]
[361, 352, 351]
[362, 354, 353]
[362, 353, 353]
[359, 354, 352]
[377, 354, 352]
[379, 354, 354]
[376, 355, 353]
[365, 354, 352]
[368, 356, 353]
[370, 353, 352]
[370, 352, 352]
[371, 352, 354]
[370, 352, 352]
[373, 355, 353]
[371, 354, 352]
[372, 354, 352]
[380, 354, 354]
[379, 353, 354]
[379, 354, 353]
[377, 354, 353]
[373, 354, 353]
[375, 352, 356]
[367, 355, 353]
[366, 351, 356]
[365, 352, 351]
[362, 354, 354]
[363, 352, 355]
[364, 352, 356]
[363, 354, 352]
[363, 352, 353]
[364, 353, 354]
[362, 355, 355]
[360, 356, 353]
[361, 353, 353]
[368, 353, 353]
[362, 354, 353]
[350, 352, 352]
[351, 351, 353]
[348, 353, 355]
[353, 354, 355]
[350, 353, 355]
[348, 352, 353]
[349, 352, 350]
[351, 353, 353]
[349, 352, 353]
[361, 353, 353]
[360, 353, 354]
[367, 357, 354]
[364, 354, 352]
[362, 353, 354]
[365, 352, 352]
[367, 352, 353]
[365, 352, 354]
[366, 352, 354]
[364, 353, 353]
[362, 357, 358]
[367, 354, 351]
[364, 354, 353]
[364, 354, 352]
[366, 354, 353]
[366, 353, 353]
[367, 352, 353]
[367, 352, 352]
[373, 355, 356]
[370, 356, 353]
[363, 354, 352]
[361, 354, 353]
[360, 353, 353]
[369, 354, 353]
[365, 354, 353]
[365, 355, 353]
[368, 354, 354]
[367, 354, 352]
[368, 356, 354]
[366, 354, 353]
[369, 352, 353]
[366, 357, 355]
[365, 355, 353]
[369, 354, 351]
[363, 353, 356]
[366, 354, 352]
[366, 354, 354]
[366, 352, 352]
[366, 355, 353]
[366, 354, 353]
[371, 352, 354]
[368, 355, 355]
[365, 353, 354]
[368, 354, 354]
[367, 357, 354]
[365, 353, 352]
[366, 355, 353]
[364, 355, 354]
[366, 356, 355]
[366, 354, 353]
[369, 354, 351]
[368, 354, 355]
[365, 353, 354]
[365, 353, 352]
[369, 355, 354]
[367, 352, 352]
[369, 354, 356]
[370, 353, 354]
[367, 354, 354]
[368, 357, 354]
[369, 358, 354]
[363, 354, 353]
[365, 353, 354]
[366, 353, 356]
[369, 354, 353]
[368, 355, 354]
[365, 352, 353]
[369, 355, 352]
[369, 354, 355]
[368, 353, 354]
[366, 354, 354]
[364, 355, 355]
[371, 357, 357]
[371, 355, 356]
[362, 353, 355]
[362, 352, 353]
[368, 355, 354]
[366, 353, 356]
[367, 352, 353]
[369, 355, 354]
[372, 357, 354]
[366, 353, 354]
[366, 354, 355]
[367, 354, 353]
[370, 355, 354]
[368, 354, 354]
[367, 352, 354]
[369, 356, 352]
[366, 357, 357]
[363, 353, 354]
[367, 358, 354]
[365, 354, 353]
[367, 357, 354]
[366, 355, 354]
[366, 353, 354]
[368, 353, 354]
[367, 356, 355]
[367, 354, 354]
[368, 356, 354]
[364, 355, 354]
[366, 353, 354]
[372, 356, 355]
[369, 355, 354]
[370, 354, 352]
[367, 354, 355]
[363, 353, 356]
[369, 355, 354]
[370, 356, 354]
[369, 352, 354]
[369, 355, 352]
[364, 354, 354]
[365, 353, 352]
[366, 354, 352]
[367, 354, 357]
[367, 352, 353]
[370, 355, 352]
[368, 354, 355]
[363, 353, 355]
[368, 355, 355]
[366, 354, 353]
[368, 355, 357]
[364, 355, 354]
[365, 354, 354]
[365, 354, 353]
[368, 356, 354]
[367, 356, 355]
[367, 353, 354]
[369, 356, 353]
[370, 355, 359]
[368, 353, 352]
[365, 357, 353]
[367, 353, 357]
[367, 353, 355]
[366, 357, 355]
[366, 355, 355]
[369, 355, 353]
[368, 357, 359]
[365, 356, 354]
[371, 356, 354]
[368, 356, 356]
[367, 353, 352]
[371, 357, 354]
[369, 357, 355]
[366, 354, 355]
[372, 356, 356]
[368, 356, 355]
[366, 353, 354]
[368, 357, 353]
[366, 353, 355]
[367, 353, 355]
[365, 354, 354]
[369, 357, 355]
[366, 355, 355]
[367, 355, 353]
[367, 355, 353]
[369, 355, 354]
[369, 355, 356]
[368, 353, 355]
[366, 356, 353]
[368, 355, 356]
[366, 356, 354]
[364, 356, 355]
[366, 353, 353]
[367, 356, 354]
[368, 356, 354]
[365, 353, 356]
[366, 355, 354]
[368, 355, 356]
[368, 354, 355]
[372, 356, 355]
[369, 354, 355]
[373, 354, 358]
[366, 356, 357]
[364, 356, 356]
[367, 355, 354]
[365, 357, 356]
[367, 353, 354]
[369, 356, 355]
[365, 353, 355]
[368, 356, 355]
[367, 357, 355]
[370, 356, 355]
[368, 357, 355]
[367, 355, 355]
[366, 356, 355]
[369, 356, 354]
[366, 356, 354]
[365, 354, 355]
[367, 356, 353]
[365, 354, 356]
[364, 354, 353]
[369, 358, 356]
[371, 355, 355]
[369, 355, 356]
[366, 356, 355]
[365, 355, 354]
[367, 357, 353]
[368, 355, 354]
[369, 354, 354]
[373, 359, 357]
[364, 353, 356]
[364, 357, 356]
[369, 355, 354]
[366, 356, 355]
[368, 354, 355]
[370, 356, 354]
[365, 354, 355]
[371, 358, 355]
[367, 354, 356]
[368, 355, 353]
[372, 357, 353]
[369, 354, 356]
[365, 356, 355]
[369, 355, 356]
[365, 356, 356]
[369, 357, 356]
[367, 357, 353]
[367, 356, 357]
[367, 355, 353]
[370, 358, 352]
[369, 355, 356]
[369, 355, 357]
[370, 358, 353]
[367, 357, 358]
[367, 355, 354]
[368, 356, 355]
[366, 354, 355]
[369, 356, 357]
[367, 354, 356]
[368, 355, 356]
[366, 356, 355]
[367, 357, 356]
[368, 356, 355]
[371, 355, 353]
[368, 355, 355]
[367, 355, 356]
[368, 356, 353]
[369, 358, 355]
[366, 355, 357]
[371, 353, 353]
[368, 356, 356]
[367, 354, 356]
[368, 356, 353]
[366, 356, 353]
[366, 354, 355]
[365, 354, 355]
[368, 355, 356]
[365, 354, 355]
[369, 356, 357]
[369, 356, 355]
[367, 355, 353]
[370, 356, 355]
[366, 359, 356]
[366, 354, 354]
[366, 354, 356]
[369, 356, 361]
[369, 356, 358]
[364, 357, 354]
[362, 356, 357]
[367, 355, 353]
[368, 356, 357]
[371, 356, 355]
[372, 354, 355]
[371, 356, 356]
[365, 355, 357]
[366, 357, 355]
[366, 358, 356]
[368, 354, 356]
[371, 356, 355]
[365, 355, 357]
[367, 355, 355]
[372, 355, 356]
[371, 360, 355]
[368, 356, 357]
[370, 355, 356]
[367, 355, 356]
[367, 356, 353]
[368, 355, 355]
[368, 354, 353]
[367, 358, 355]
[367, 357, 355]
[366, 356, 354]
[367, 356, 355]
[372, 354, 356]
[370, 356, 355]
[364, 355, 354]
[365, 355, 356]
[369, 360, 359]
[369, 354, 354]
[369, 356, 356]
[366, 354, 356]
[368, 355, 356]
[368, 356, 356]
[366, 354, 356]
[369, 357, 354]
[369, 354, 356]
[370, 356, 357]
[368, 355, 355]
[365, 355, 353]
[366, 357, 356]
[367, 354, 355]
[366, 354, 355]
[368, 358, 355]
[366, 354, 354]
[366, 357, 355]
[368, 356, 355]
[366, 355, 354]
[369, 355, 356]
[369, 356, 356]
[368, 356, 356]
[374, 356, 355]
[370, 356, 357]
[370, 356, 358]
[371, 356, 355]
[365, 355, 355]
[365, 356, 355]
[367, 355, 356]
[369, 358, 354]
[370, 354, 355]
[367, 357, 357]
[369, 355, 354]
[366, 358, 358]
[366, 357, 356]
[369, 356, 356]
[368, 355, 355]
[370, 355, 357]
[367, 358, 352]
[366, 358, 357]
[367, 354, 355]
[367, 355, 354]
[368, 356, 358]
[371, 355, 354]
[367, 356, 354]
[367, 356, 354]
[371, 357, 357]
[373, 359, 357]
[369, 354, 356]
[369, 355, 355]
[369, 358, 355]
[370, 357, 355]
[370, 356, 355]
[367, 354, 356]
[366, 357, 355]
[368, 360, 358]
[368, 356, 354]
[369, 356, 356]
[368, 356, 355]
[371, 355, 354]
[367, 359, 356]
[366, 356, 355]
[369, 355, 357]
[371, 358, 357]
[369, 355, 356]
[370, 356, 356]
[367, 356, 357]
[365, 356, 355]
[367, 354, 355]
[371, 356, 354]
[367, 356, 357]
[369, 359, 358]
[367, 356, 356]
[367, 356, 356]
[368, 357, 353]
[368, 355, 357]
[369, 355, 356]
[371, 354, 353]
[369, 356, 356]
[366, 360, 356]
[370, 357, 357]
[374, 355, 356]
[365, 354, 355]
[366, 356, 355]
[366, 357, 356]
[367, 354, 356]
[368, 356, 353]
[372, 358, 355]
[370, 357, 356]
[368, 358, 355]
[368, 356, 356]
[369, 356, 355]
[368, 355, 356]
[369, 356, 354]
[370, 355, 354]
[369, 356, 357]
[366, 354, 356]
[368, 355, 357]
[370, 357, 355]
[368, 354, 354]
[367, 356, 355]
[365, 357, 355]
[366, 357, 355]
[371, 355, 355]
[367, 356, 358]
