[310, 274, 270]
[301, 275, 272]
[299, 274, 272]
[295, 272, 272]
[292, 272, 272]
[306, 273, 272]
[306, 272, 272]
[304, 284, 283]
[307, 285, 285]
[308, 289, 283]
[307, 283, 282]
[302, 283, 284]
[306, 284, 283]
[309, 288, 288]
[305, 285, 285]
[307, 286, 284]
[308, 285, 282]
[305, 283, 282]
[306, 285, 285]
[308, 284, 285]
[307, 285, 284]
[310, 287, 285]
[308, 284, 284]
[306, 283, 284]
[306, 284, 285]
[307, 286, 283]
[307, 284, 286]
[304, 284, 283]
[305, 285, 284]
[308, 285, 285]
[307, 284, 284]
[304, 286, 283]
[304, 285, 283]
[306, 287, 285]
[307, 286, 283]
[307, 284, 283]
[307, 286, 287]
[310, 284, 287]
[309, 286, 283]
[307, 283, 282]
[305, 284, 285]
[304, 286, 283]
[306, 283, 285]
[308, 286, 285]
[307, 285, 283]
[308, 284, 283]
[305, 284, 282]
[305, 286, 284]
[306, 284, 285]
[307, 286, 285]
[307, 286, 282]
[308, 284, 283]
[307, 289, 286]
[304, 286, 288]
[306, 286, 285]
[306, 285, 283]
[307, 284, 282]
[304, 286, 283]
[306, 286, 285]
[307, 287, 285]
[310, 289, 285]
[308, 286, 283]
[307, 286, 283]
[309, 284, 283]
[307, 285, 285]
[308, 286, 285]
[308, 284, 282]
[309, 288, 288]
[308, 285, 283]
[302, 284, 285]
[304, 287, 286]
[306, 286, 285]
[306, 284, 285]
[309, 285, 283]
[309, 284, 285]
[309, 289, 286]
[307, 286, 286]
[310, 286, 284]
[308, 284, 286]
[308, 284, 285]
[308, 286, 287]
[316, 286, 285]
[306, 286, 286]
[306, 287, 286]
[308, 284, 285]
[307, 286, 287]
[307, 284, 286]
[305, 286, 285]
[308, 286, 285]
[306, 286, 286]
[305, 285, 284]
[305, 284, 287]
[307, 285, 288]
[308, 284, 286]
[307, 285, 285]
[308, 286, 284]
[305, 287, 284]
[306, 284, 285]
[305, 289, 288]
[306, 286, 285]
[309, 286, 285]
[308, 284, 283]
[308, 286, 286]
[308, 287, 286]
[308, 286, 286]
[309, 286, 283]
[309, 287, 284]
[305, 286, 284]
[308, 288, 285]
[309, 284, 286]
[308, 287, 286]
[307, 285, 285]
[307, 286, 282]
[306, 283, 284]
[308, 286, 291]
[306, 288, 286]
[306, 289, 284]
[307, 285, 286]
[306, 286, 285]
[310, 285, 285]
[308, 287, 285]
[307, 284, 284]
[311, 291, 286]
[307, 285, 286]
[304, 286, 286]
[307, 287, 288]
[308, 285, 286]
[308, 287, 285]
[306, 285, 286]
[307, 286, 287]
[311, 286, 290]
[308, 285, 287]
[310, 287, 286]
[308, 285, 286]
[309, 286, 284]
[304, 286, 286]
[308, 285, 286]
[308, 287, 287]
[312, 289, 286]
[307, 284, 286]
[308, 285, 285]
[305, 285, 286]
[308, 290, 285]
[309, 284, 286]
[308, 287, 288]
[307, 285, 284]
[308, 286, 286]
[306, 284, 286]
[308, 286, 285]
[307, 288, 287]
[311, 287, 285]
[309, 286, 285]
[309, 284, 285]
[303, 289, 286]
[308, 285, 285]
[306, 289, 285]
[308, 287, 286]
[308, 287, 286]
[305, 286, 284]
[307, 288, 285]
[310, 287, 286]
[311, 287, 286]
[307, 288, 286]
[306, 286, 284]
[304, 285, 284]
[306, 289, 285]
[310, 287, 285]
[309, 287, 284]
[306, 286, 284]
[310, 290, 289]
[306, 285, 287]
[304, 287, 287]
[308, 288, 286]
[310, 287, 284]
[307, 284, 287]
[307, 288, 286]
[308, 287, 286]
[309, 291, 290]
[308, 287, 286]
[310, 287, 284]
[310, 284, 288]
[309, 285, 286]
[309, 289, 289]
[309, 287, 286]
[305, 287, 285]
[309, 286, 287]
[305, 287, 286]
[307, 286, 287]
[310, 290, 286]
[309, 287, 284]
[308, 287, 286]
[308, 288, 285]
[306, 287, 284]
[310, 289, 288]
[306, 288, 288]
[304, 288, 286]
[309, 289, 285]
[310, 287, 285]
[307, 288, 285]
[307, 286, 289]
[311, 289, 286]
[309, 287, 286]
[309, 286, 284]
[307, 288, 285]
[308, 287, 285]
[308, 287, 287]
[309, 289, 288]
[310, 285, 284]
[310, 288, 285]
[309, 284, 286]
[308, 287, 286]
[308, 287, 286]
[308, 287, 287]
[309, 287, 283]
[308, 285, 285]
[306, 285, 285]
[307, 287, 287]
[308, 287, 286]
[310, 287, 287]
[314, 287, 286]
[306, 285, 286]
[307, 287, 288]
[307, 289, 287]
[310, 287, 286]
[313, 288, 289]
[308, 287, 286]
[313, 287, 285]
[308, 287, 290]
[306, 288, 287]
[306, 289, 288]
[310, 287, 285]
[307, 285, 285]
[310, 289, 288]
[306, 288, 287]
[309, 287, 287]
[307, 286, 287]
[309, 287, 286]
[307, 286, 286]
[308, 286, 287]
[307, 288, 289]
[310, 291, 289]
[306, 290, 285]
[307, 286, 285]
[309, 287, 287]
[309, 288, 287]
[312, 288, 287]
[306, 285, 287]
[305, 288, 287]
[308, 289, 288]
[308, 288, 289]
[308, 287, 287]
[308, 290, 285]
[310, 288, 287]
[308, 288, 287]
[306, 289, 288]
[308, 289, 287]
[307, 288, 291]
[310, 288, 287]
[307, 288, 284]
[310, 287, 287]
[309, 288, 286]
[309, 288, 287]
[307, 288, 286]
[313, 288, 287]
[310, 288, 285]
[309, 287, 285]
[308, 287, 289]
[308, 290, 287]
[308, 288, 287]
[312, 288, 287]
[310, 287, 284]
[307, 287, 287]
[306, 289, 287]
[308, 288, 287]
[308, 289, 288]
[310, 288, 285]
[309, 287, 289]
[307, 288, 287]
[307, 288, 287]
[311, 293, 291]
[307, 288, 286]
[310, 289, 287]
[311, 288, 285]
[309, 288, 286]
[305, 288, 287]
[312, 289, 285]
[307, 286, 285]
[310, 289, 290]
[309, 286, 287]
[307, 288, 287]
[309, 288, 287]
[310, 288, 287]
[307, 286, 287]
[307, 288, 287]
[308, 286, 287]
[312, 292, 291]
[310, 286, 287]
[310, 288, 287]
[309, 288, 285]
[306, 288, 288]
[308, 289, 288]
[309, 288, 290]
[309, 290, 288]
[309, 289, 289]
[309, 288, 287]
[311, 288, 287]
[308, 288, 289]
[311, 289, 288]
[310, 288, 287]
[310, 288, 286]
[308, 287, 286]
[308, 288, 288]
[308, 288, 288]
[309, 288, 290]
[308, 287, 287]
[307, 287, 288]
[307, 287, 285]
[308, 289, 287]
[310, 288, 288]
[308, 289, 287]
[308, 292, 288]
[309, 288, 289]
[311, 287, 286]
[308, 288, 289]
[311, 289, 288]
[311, 289, 289]
[315, 291, 288]
[311, 286, 288]
[307, 288, 288]
[305, 288, 287]
[311, 289, 288]
[308, 289, 287]
[310, 286, 290]
[309, 288, 288]
[308, 287, 291]
[309, 289, 288]
[310, 287, 288]
[313, 287, 287]
[309, 287, 287]
[306, 288, 288]
[308, 287, 288]
[313, 290, 288]
[311, 290, 286]
[308, 288, 289]
[307, 288, 288]
[308, 290, 288]
[309, 289, 288]
[309, 287, 287]
[309, 290, 288]
[311, 290, 289]
[307, 289, 289]
[307, 289, 288]
[310, 291, 288]
[310, 289, 288]
[312, 287, 288]
[310, 289, 288]
[305, 290, 288]
[303, 290, 289]
[310, 289, 288]
[309, 290, 289]
[311, 290, 286]
[309, 288, 287]
[307, 288, 289]
[312, 290, 288]
[308, 290, 288]
[311, 289, 290]
[309, 290, 288]
[309, 289, 290]
[310, 290, 289]
[310, 290, 288]
[309, 289, 288]
[306, 288, 289]
[308, 287, 288]
[309, 288, 289]
[309, 290, 288]
[313, 290, 288]
[310, 288, 286]
[310, 288, 287]
[308, 291, 288]
[309, 288, 288]
[311, 290, 292]
[311, 290, 287]
[312, 289, 288]
[311, 288, 288]
[307, 288, 289]
[309, 293, 288]
[307, 289, 287]
[308, 286, 286]
[310, 293, 292]
[308, 290, 288]
[310, 290, 288]
[309, 291, 289]
[310, 290, 288]
[309, 290, 290]
[311, 290, 288]
[310, 290, 289]
[315, 290, 290]
[311, 294, 289]
[311, 291, 287]
[307, 288, 288]
[306, 287, 291]
[304, 288, 288]
[310, 288, 289]
[310, 290, 287]
[315, 292, 288]
[311, 287, 287]
[309, 290, 289]
[312, 290, 290]
[311, 290, 287]
[308, 288, 287]
[312, 291, 289]
[306, 292, 292]
[308, 288, 292]
[305, 290, 289]
[310, 289, 289]
[311, 292, 290]
[309, 290, 289]
[309, 288, 290]
[309, 290, 290]
[313, 290, 294]
[312, 290, 288]
[313, 289, 288]
[311, 287, 288]
[309, 289, 289]
[312, 289, 289]
[313, 289, 288]
[309, 289, 289]
[310, 290, 289]
[311, 288, 288]
[307, 289, 290]
[309, 291, 289]
[313, 288, 289]
[310, 290, 287]
[308, 288, 288]
[313, 294, 289]
[308, 288, 289]
[310, 291, 289]
[311, 290, 288]
[312, 288, 290]
[310, 289, 288]
[309, 290, 289]
[310, 292, 289]
[311, 291, 291]
[310, 290, 289]
[311, 290, 289]
[310, 290, 292]
[310, 290, 289]
[310, 291, 289]
[310, 289, 289]
[310, 293, 289]
[311, 292, 293]
[309, 288, 290]
[310, 290, 289]
[312, 290, 289]
[313, 290, 288]
[307, 288, 289]
[305, 289, 289]
[307, 289, 290]
[312, 292, 289]
[310, 291, 289]
[309, 290, 287]
[308, 290, 290]
[312, 288, 290]
[310, 292, 290]
[310, 290, 290]
[309, 290, 287]
[309, 290, 292]
[312, 288, 290]
[309, 289, 292]
[313, 292, 290]
[310, 290, 290]
[312, 288, 290]
[309, 290, 289]
[310, 289, 290]
[312, 290, 290]
[313, 290, 290]
[309, 292, 290]
[311, 290, 289]
[309, 289, 288]
[308, 290, 290]
[311, 291, 290]
[314, 290, 290]
[312, 290, 288]
[311, 290, 287]
[312, 288, 291]
[307, 290, 288]
[308, 289, 290]
[311, 290, 290]
[310, 289, 288]
[308, 292, 290]
[310, 288, 291]
[308, 292, 290]
[312, 290, 287]
[311, 290, 288]
[308, 289, 290]
[313, 291, 290]
[312, 291, 290]
[315, 293, 294]
[313, 293, 289]
[308, 288, 289]
[311, 291, 290]
[307, 290, 290]
[308, 292, 291]
[312, 293, 287]
[311, 288, 289]
[313, 290, 290]
[309, 289, 290]
[313, 290, 290]
[311, 289, 288]
[313, 291, 290]
[311, 291, 288]
[311, 291, 293]
[309, 291, 290]
[312, 289, 289]
[308, 288, 290]
[311, 291, 290]
[310, 290, 290]
[312, 291, 290]
[309, 289, 288]
[313, 291, 290]
[312, 292, 290]
[311, 290, 290]
[311, 289, 289]
[310, 290, 291]
[314, 293, 289]
[312, 288, 290]
[309, 291, 290]
[308, 291, 292]
[311, 292, 291]
[310, 291, 289]
[311, 289, 288]
[313, 288, 290]
[310, 291, 289]
[309, 291, 290]
[314, 293, 290]
[311, 293, 290]
[314, 291, 289]
[310, 289, 288]
[310, 291, 290]
[314, 294, 291]
[307, 289, 290]
[307, 291, 291]
[312, 289, 292]
[313, 290, 290]
[309, 291, 291]
[308, 291, 290]
[312, 291, 290]
[311, 291, 288]
[309, 292, 290]
[310, 291, 291]
[317, 291, 291]
[311, 293, 290]
[311, 291, 288]
[312, 291, 288]
[310, 289, 291]
[313, 289, 290]
[310, 292, 290]
[313, 292, 289]
[313, 293, 292]
[311, 293, 289]
[312, 289, 291]
[310, 289, 293]
[310, 292, 291]
[308, 289, 290]
[311, 289, 291]
[309, 291, 290]
[313, 293, 293]
[315, 291, 289]
[312, 293, 292]
[311, 291, 288]
[309, 290, 290]
[308, 291, 291]
[310, 293, 291]
[313, 290, 291]
[307, 291, 293]
[311, 291, 288]
[311, 291, 290]
[312, 292, 288]
[311, 289, 289]
[309, 292, 291]
[312, 290, 289]
[313, 291, 290]
[313, 291, 292]
[307, 289, 290]
[310, 291, 290]
[310, 292, 291]
[313, 292, 288]
[311, 292, 292]
[310, 292, 289]
[312, 291, 291]
[312, 291, 291]
[312, 292, 291]
[311, 294, 291]
[313, 290, 288]
[311, 290, 289]
[311, 291, 290]
[312, 296, 291]
[311, 296, 289]
[312, 289, 290]
[312, 291, 292]
[310, 289, 290]
[312, 290, 289]
[312, 292, 291]
[314, 292, 287]
[309, 291, 289]
[314, 293, 294]
[311, 290, 290]
[309, 292, 292]
[311, 294, 290]
[312, 291, 289]
[314, 289, 289]
[311, 291, 293]
[311, 291, 291]
[313, 293, 291]
[308, 291, 290]
[311, 292, 289]
[310, 289, 290]
[309, 291, 292]
[312, 292, 292]
[313, 292, 291]
[312, 288, 291]
[314, 293, 291]
[309, 292, 289]
[309, 292, 291]
[313, 292, 292]
[312, 291, 291]
[310, 290, 291]
[309, 291, 290]
[310, 290, 291]
[312, 293, 292]
[310, 291, 292]
[314, 292, 292]
[312, 289, 291]
[311, 291, 289]
[310, 289, 289]
[311, 292, 292]
[311, 293, 291]
[312, 294, 290]
[311, 294, 288]
[309, 291, 290]
[310, 293, 291]
[311, 292, 290]
[313, 294, 292]
[311, 290, 289]
[309, 291, 289]
[311, 293, 292]
[311, 292, 292]
[313, 292, 292]
[312, 291, 290]
[314, 290, 291]
[310, 293, 292]
[312, 295, 290]
[312, 290, 289]
[314, 290, 290]
[310, 291, 289]
[310, 292, 294]
[312, 293, 292]
[311, 290, 290]
[316, 293, 291]
[311, 290, 292]
[315, 292, 291]
[310, 291, 292]
[310, 295, 293]
[313, 293, 291]
[312, 290, 292]
[314, 292, 292]
[316, 294, 298]
[314, 290, 292]
[310, 291, 291]
[311, 291, 289]
[311, 292, 292]
[312, 292, 291]
[310, 292, 291]
[315, 292, 291]
[312, 295, 293]
[313, 293, 292]
[311, 290, 292]
[312, 291, 293]
[313, 291, 291]
[314, 292, 292]
[313, 292, 292]
[310, 290, 292]
[311, 293, 293]
[310, 289, 291]
[307, 292, 292]
[309, 292, 293]
[314, 293, 291]
[314, 291, 291]
[311, 292, 290]
[313, 291, 292]
[311, 294, 294]
[311, 292, 289]
[311, 293, 292]
[312, 290, 291]
[312, 295, 291]
[313, 293, 292]
[314, 293, 291]
[311, 291, 291]
[314, 290, 291]
[313, 291, 291]
[312, 290, 291]
[311, 293, 292]
[311, 292, 289]
[311, 291, 289]
[312, 291, 292]
[317, 296, 291]
[311, 291, 291]
[310, 293, 292]
[313, 291, 291]
[313, 290, 291]
[310, 291, 296]
[310, 293, 292]
[312, 291, 291]
[311, 294, 293]
[312, 292, 290]
[314, 291, 292]
[313, 290, 291]
[312, 293, 293]
[311, 293, 291]
[312, 291, 293]
[314, 293, 291]
[316, 295, 294]
[314, 291, 290]
[314, 290, 292]
[312, 292, 290]
[312, 291, 292]
[313, 291, 291]
[310, 293, 291]
[314, 293, 294]
[311, 293, 294]
[314, 293, 291]
[314, 292, 292]
[313, 291, 290]
[313, 296, 292]
[314, 293, 293]
[315, 293, 293]
[311, 293, 293]
[313, 293, 290]
[313, 291, 290]
[308, 291, 291]
[310, 294, 292]
[311, 292, 291]
[313, 294, 292]
[312, 292, 292]
[311, 290, 294]
[311, 293, 292]
[311, 293, 292]
[314, 294, 292]
[314, 293, 292]
[311, 291, 289]
[313, 294, 293]
[315, 294, 293]
[313, 295, 292]
[313, 294, 293]
[314, 292, 291]
[311, 293, 294]
[311, 292, 292]
[312, 294, 293]
[313, 294, 290]
[314, 295, 291]
[315, 291, 291]
[311, 294, 293]
[314, 292, 292]
[312, 294, 293]
[316, 295, 291]
[314, 294, 292]
[315, 294, 290]
[314, 293, 294]
[313, 292, 294]
[309, 293, 291]
[312, 294, 291]
[313, 291, 290]
[310, 293, 293]
[314, 296, 293]
[314, 294, 291]
[314, 294, 292]
[314, 295, 292]
[313, 291, 289]
[310, 292, 292]
[312, 296, 293]
[316, 293, 293]
[315, 293, 291]
[315, 293, 291]
[312, 293, 295]
[312, 293, 294]
[312, 294, 293]
[312, 296, 293]
[312, 294, 291]
[313, 296, 293]
[312, 294, 293]
[312, 294, 293]
[316, 296, 295]
[316, 294, 293]
[314, 294, 291]
[313, 294, 291]
[311, 292, 292]
[312, 292, 292]
[314, 294, 293]
[311, 294, 291]
[312, 294, 292]
[312, 294, 291]
[311, 292, 291]
[312, 294, 293]
[313, 294, 292]
[318, 294, 291]
[313, 293, 291]
[311, 294, 294]
[310, 292, 293]
[313, 294, 293]
[312, 294, 293]
[314, 292, 297]
[315, 292, 292]
[308, 296, 295]
[312, 294, 293]
[318, 295, 295]
[314, 294, 291]
[312, 292, 292]
[312, 294, 294]
[312, 294, 293]
[316, 292, 293]
[313, 294, 292]
[315, 294, 291]
[312, 294, 296]
[314, 292, 293]
[311, 292, 293]
[312, 294, 294]
[311, 295, 293]
[311, 294, 293]
[312, 292, 291]
[310, 293, 293]
[314, 294, 295]
[312, 294, 293]
[313, 295, 293]
[313, 295, 292]
[313, 294, 293]
[310, 294, 293]
[314, 294, 294]
[316, 292, 294]
[315, 298, 295]
[313, 295, 292]
[312, 295, 293]
[313, 292, 293]
[312, 297, 294]
[314, 294, 293]
[313, 295, 293]
[312, 295, 292]
[311, 294, 296]
[309, 293, 293]
[311, 292, 293]
[312, 294, 292]
[315, 294, 293]
[314, 292, 291]
[312, 294, 294]
[313, 294, 292]
[314, 292, 293]
[312, 292, 291]
[311, 292, 293]
[311, 292, 294]
[310, 296, 294]
[313, 295, 294]
[312, 294, 293]
[317, 293, 293]
[312, 292, 292]
[313, 294, 293]
[313, 294, 293]
[312, 296, 296]
[312, 293, 293]
[316, 296, 292]
[315, 294, 292]
[316, 296, 295]
[310, 294, 294]
[312, 296, 293]
[312, 293, 295]
[315, 294, 292]
[315, 294, 293]
[312, 293, 294]
[316, 294, 293]
[314, 297, 295]
[315, 294, 293]
[313, 293, 292]
[314, 294, 294]
[314, 294, 294]
[313, 296, 293]
[314, 297, 294]
[314, 296, 292]
[314, 293, 294]
[313, 292, 292]
[311, 295, 291]
[312, 296, 294]
[316, 296, 294]
[314, 294, 294]
[314, 294, 294]
[312, 293, 294]
[314, 296, 297]
[311, 295, 292]
[313, 298, 294]
[318, 294, 294]
[315, 293, 293]
[315, 294, 294]
[311, 294, 295]
[309, 294, 293]
[313, 296, 294]
[315, 295, 293]
[313, 294, 291]
[315, 294, 294]
[312, 293, 294]
[311, 296, 297]
[314, 294, 292]
[314, 296, 293]
[316, 294, 293]
[312, 295, 295]
[318, 292, 294]
[310, 296, 297]
[313, 295, 294]
[313, 294, 292]
[315, 294, 292]
[313, 296, 293]
[316, 295, 296]
[316, 294, 294]
[318, 295, 294]
[314, 293, 292]
[314, 293, 292]
[312, 293, 294]
[313, 296, 294]
[318, 299, 296]
[314, 292, 294]
[315, 294, 293]
[315, 293, 293]
[310, 293, 294]
[312, 297, 295]
[315, 293, 294]
[314, 295, 293]
[317, 296, 299]
[312, 296, 294]
[314, 297, 293]
[316, 295, 294]
[312, 297, 295]
[315, 296, 294]
[314, 296, 294]
[316, 295, 294]
[319, 300, 296]
[316, 295, 291]
[311, 294, 292]
[309, 295, 295]
[316, 299, 294]
[314, 296, 295]
[314, 297, 293]
[314, 295, 292]
[317, 297, 297]
[314, 293, 292]
[312, 296, 294]
[313, 295, 294]
[314, 297, 296]
[316, 295, 292]
[313, 293, 294]
[312, 296, 295]
[312, 296, 296]
[313, 295, 294]
[310, 295, 294]
[313, 295, 295]
[314, 293, 292]
[314, 295, 297]
[315, 294, 295]
[314, 295, 297]
[317, 293, 294]
[314, 293, 294]
[316, 295, 292]
[314, 295, 296]
[320, 295, 295]
[313, 295, 293]
[314, 297, 294]
[311, 294, 292]
[311, 295, 295]
[309, 296, 293]
[314, 296, 297]
[319, 295, 293]
[313, 294, 292]
[312, 293, 295]
[314, 295, 294]
[317, 295, 293]
[316, 293, 293]
[315, 292, 294]
[312, 296, 293]
[315, 294, 295]
[312, 294, 294]
[312, 293, 294]
[316, 297, 297]
[314, 293, 294]
[312, 295, 293]
[313, 297, 294]
[315, 299, 294]
[314, 296, 292]
[314, 294, 294]
[315, 293, 293]
[317, 299, 296]
[318, 295, 296]
[317, 297, 295]
[318, 294, 295]
[311, 295, 296]
[310, 294, 296]
[315, 297, 295]
[314, 294, 294]
[317, 297, 297]
[314, 295, 293]
[314, 293, 293]
[315, 295, 297]
[314, 296, 295]
[315, 295, 294]
[316, 297, 292]
[314, 294, 297]
[315, 296, 299]
[314, 294, 293]
[315, 295, 294]
[314, 295, 296]
[313, 297, 295]
[313, 298, 293]
[316, 294, 294]
[315, 295, 295]
[316, 296, 296]
[314, 295, 293]
[315, 295, 295]
[312, 296, 295]
[312, 295, 296]
[314, 296, 297]
[317, 295, 294]
[319, 296, 293]
[317, 294, 293]
[311, 295, 296]
[310, 298, 294]
[310, 296, 296]
[315, 295, 297]
[317, 295, 293]
[313, 294, 293]
[316, 297, 295]
[314, 297, 296]
[315, 297, 295]
[316, 296, 297]
[316, 297, 292]
[314, 294, 295]
[318, 296, 295]
[315, 295, 296]
[317, 299, 297]
[313, 295, 295]
[314, 295, 295]
[314, 294, 296]
[314, 296, 297]
[316, 298, 296]
[316, 296, 294]
[313, 293, 294]
[317, 297, 298]
[316, 295, 294]
[313, 296, 295]
[317, 295, 295]
[314, 295, 295]
[316, 297, 294]
[313, 294, 293]
[313, 296, 297]
[314, 296, 298]
[312, 298, 297]
[316, 295, 295]
[316, 295, 295]
[313, 293, 296]
[316, 296, 295]
[316, 296, 295]
[315, 294, 296]
[319, 301, 296]
[315, 296, 293]
[317, 295, 295]
[315, 292, 295]
[315, 296, 296]
[316, 296, 295]
[314, 295, 295]
[313, 294, 294]
[313, 295, 298]
[315, 297, 295]
[314, 294, 297]
[315, 296, 295]
[315, 295, 293]
[313, 296, 294]
[313, 296, 296]
[312, 295, 297]
[316, 296, 296]
[318, 294, 295]
[317, 295, 294]
[313, 297, 294]
[311, 294, 294]
[313, 299, 296]
[315, 295, 297]
[315, 303, 294]
[316, 295, 296]
[313, 295, 294]
[314, 295, 295]
[315, 298, 295]
[315, 295, 295]
[314, 293, 295]
[314, 295, 294]
[318, 297, 297]
[315, 296, 296]
[315, 297, 297]
[316, 297, 297]
[318, 297, 294]
[312, 293, 294]
[316, 297, 297]
[315, 299, 295]
[314, 300, 297]
[315, 296, 295]
[314, 295, 294]
[315, 297, 296]
[314, 297, 297]
[316, 296, 295]
[313, 295, 295]
[318, 294, 298]
[321, 297, 299]
[315, 296, 297]
[309, 296, 297]
[312, 297, 299]
[315, 297, 295]
[313, 295, 295]
[318, 296, 295]
[318, 296, 296]
[320, 299, 300]
[314, 297, 296]
[315, 297, 295]
[316, 297, 293]
[316, 294, 295]
[315, 297, 295]
[316, 298, 295]
[314, 295, 295]
[315, 296, 297]
[314, 296, 292]
[315, 294, 295]
[316, 297, 296]
[314, 297, 297]
[315, 300, 294]
[316, 296, 294]
[318, 297, 297]
[315, 296, 293]
[314, 300, 299]
[315, 298, 295]
[316, 295, 295]
[314, 295, 296]
[315, 297, 295]
[316, 298, 293]
[317, 298, 295]
[315, 295, 297]
[313, 297, 294]
[314, 298, 296]
[314, 298, 297]
[316, 298, 297]
[314, 298, 293]
[315, 297, 295]
[316, 298, 298]
[316, 296, 295]
[313, 296, 297]
[315, 298, 298]
[316, 298, 295]
[316, 297, 295]
[318, 296, 295]
[311, 296, 297]
[316, 302, 299]
[314, 296, 299]
[318, 298, 295]
[314, 296, 298]
[313, 297, 297]
[319, 298, 296]
[316, 296, 296]
[314, 296, 296]
[318, 298, 298]
[316, 297, 293]
[318, 297, 297]
[317, 297, 295]
[313, 297, 295]
[314, 297, 294]
[313, 293, 295]
[312, 297, 297]
[314, 297, 298]
[314, 294, 297]
[316, 297, 297]
[313, 296, 296]
[316, 297, 295]
[316, 296, 295]
[317, 297, 297]
[318, 298, 296]
[316, 298, 296]
[315, 297, 294]
[314, 296, 297]
[314, 296, 297]
[314, 297, 298]
[318, 298, 297]
[316, 297, 294]
[315, 297, 296]
[314, 298, 296]
[316, 299, 296]
[316, 296, 296]
[317, 300, 298]
[315, 298, 296]
[314, 296, 294]
[314, 296, 296]
[320, 295, 297]
[316, 298, 297]
[315, 298, 297]
[314, 296, 295]
[315, 296, 297]
[316, 296, 297]
[315, 298, 297]
[317, 298, 297]
[319, 298, 297]
[316, 298, 299]
[313, 296, 297]
[315, 298, 299]
[316, 300, 297]
[318, 299, 298]
[316, 299, 296]
[317, 296, 298]
[319, 300, 299]
[314, 297, 297]
[315, 297, 297]
[316, 298, 297]
[317, 297, 296]
[316, 298, 295]
[316, 296, 298]
[316, 296, 297]
[320, 302, 299]
[318, 295, 297]
[316, 298, 294]
[315, 296, 297]
[317, 298, 297]
[317, 297, 299]
[315, 298, 297]
[317, 299, 295]
[314, 298, 298]
[313, 297, 295]
[314, 297, 297]
[312, 296, 297]
[315, 297, 297]
[316, 298, 296]
[318, 298, 296]
[315, 297, 297]
[318, 297, 297]
[314, 297, 297]
[316, 297, 300]
[318, 301, 296]
[318, 296, 296]
[314, 298, 297]
[312, 298, 298]
[316, 298, 296]
[316, 298, 295]
[315, 298, 296]
[315, 298, 296]
[318, 298, 294]
[316, 298, 297]
[316, 299, 298]
[317, 297, 296]
[318, 300, 298]
[316, 297, 297]
[314, 297, 297]
[317, 296, 299]
[316, 298, 296]
[315, 297, 296]
[314, 296, 297]
[313, 298, 296]
[317, 300, 301]
[316, 298, 299]
[318, 298, 299]
[319, 298, 297]
[317, 295, 297]
[315, 298, 299]
[316, 299, 298]
[318, 298, 297]
[318, 299, 301]
[317, 298, 296]
[320, 296, 296]
[315, 297, 298]
[316, 298, 298]
[315, 298, 297]
[317, 297, 297]
[318, 295, 296]
[315, 301, 300]
[314, 296, 296]
[314, 299, 298]
[316, 298, 298]
[315, 298, 296]
[316, 298, 297]
[318, 298, 298]
[315, 300, 298]
[316, 298, 300]
[315, 300, 299]
[316, 298, 296]
[316, 296, 298]
[313, 298, 297]
[317, 299, 299]
[317, 298, 297]
[318, 297, 297]
[317, 298, 298]
[319, 296, 297]
[313, 296, 298]
[315, 300, 297]
[317, 297, 297]
[315, 297, 300]
[314, 297, 298]
[313, 298, 299]
[313, 298, 297]
[315, 298, 297]
[314, 299, 298]
[317, 299, 297]
[316, 297, 297]
[315, 298, 297]
[319, 297, 298]
[317, 296, 297]
[315, 298, 298]
[314, 296, 299]
[317, 300, 299]
[318, 298, 298]
[314, 297, 298]
[317, 296, 298]
[318, 301, 301]
[315, 299, 296]
[317, 296, 298]
[314, 299, 298]
[318, 299, 299]
[319, 298, 297]
[317, 296, 298]
[315, 298, 297]
[318, 301, 298]
[317, 300, 299]
[316, 298, 295]
[314, 296, 297]
[318, 298, 298]
[315, 297, 296]
[316, 299, 298]
[318, 301, 298]
[317, 298, 297]
[316, 297, 298]
[314, 300, 298]
[317, 299, 298]
[316, 298, 297]
[314, 296, 297]
[316, 300, 298]
[318, 301, 298]
[317, 300, 296]
[316, 297, 298]
[317, 300, 298]
[317, 297, 296]
[319, 295, 297]
[314, 296, 298]
[314, 299, 298]
[318, 299, 297]
[315, 296, 297]
[317, 298, 297]
[317, 298, 300]
[320, 299, 297]
[316, 299, 298]
[318, 298, 295]
[317, 297, 298]
[317, 299, 295]
[316, 297, 297]
[317, 299, 300]
[313, 299, 298]
[317, 298, 298]
[314, 298, 298]
[316, 299, 299]
[321, 304, 298]
[315, 298, 300]
[318, 299, 296]
[317, 299, 297]
[317, 298, 297]
[315, 299, 299]
[320, 302, 298]
[318, 300, 298]
[322, 299, 299]
[317, 296, 298]
[317, 296, 298]
[314, 300, 298]
[319, 300, 298]
[318, 297, 298]
[318, 298, 299]
[318, 297, 298]
[319, 298, 301]
[315, 299, 298]
[318, 300, 298]
[318, 300, 297]
[316, 297, 298]
[317, 298, 298]
[317, 300, 297]
[316, 299, 298]
[320, 302, 301]
[318, 300, 298]
[314, 298, 297]
[313, 297, 298]
[318, 300, 301]
[316, 299, 298]
[319, 299, 296]
[315, 298, 298]
[313, 299, 301]
[315, 299, 300]
[318, 299, 300]
[318, 299, 298]
[317, 300, 295]
[318, 297, 297]
[316, 297, 298]
[315, 301, 299]
[313, 298, 298]
[314, 300, 299]
[318, 300, 298]
[317, 300, 296]
[317, 297, 299]
[314, 300, 298]
[316, 301, 298]
[317, 300, 297]
[317, 300, 300]
[317, 299, 298]
[315, 298, 297]
[316, 297, 298]
[318, 299, 300]
[318, 297, 299]
[317, 297, 298]
[319, 302, 297]
[313, 297, 298]
[316, 297, 298]
[323, 300, 300]
[318, 301, 298]
[317, 299, 296]
[317, 297, 298]
[316, 296, 299]
[318, 301, 300]
[318, 299, 300]
[322, 300, 297]
[319, 299, 297]
[317, 297, 297]
[316, 302, 299]
[316, 300, 299]
[317, 298, 297]
[318, 301, 298]
[319, 303, 297]
[317, 300, 298]
[315, 299, 300]
[317, 300, 297]
[317, 301, 297]
[318, 300, 297]
[316, 300, 297]
[317, 301, 302]
[315, 302, 299]
[317, 300, 298]
[319, 299, 298]
[316, 298, 298]
[315, 299, 298]
[315, 298, 299]
[316, 299, 299]
[317, 302, 298]
[316, 300, 298]
[318, 300, 297]
[316, 297, 297]
[314, 298, 299]
[317, 302, 300]
[318, 300, 299]
[319, 299, 299]
[318, 298, 301]
[318, 299, 300]
[314, 299, 300]
[313, 300, 299]
[318, 299, 302]
[317, 299, 299]
[314, 299, 301]
[317, 299, 300]
[316, 298, 300]
[320, 300, 300]
[318, 300, 297]
[315, 300, 299]
[317, 299, 299]
[319, 299, 300]
[321, 299, 299]
[317, 300, 297]
[320, 298, 300]
[314, 302, 302]
[315, 300, 300]
[318, 299, 297]
[318, 299, 300]
[316, 300, 299]
[318, 302, 303]
[316, 300, 301]
[318, 299, 299]
[319, 298, 297]
[315, 299, 298]
[316, 301, 300]
[320, 303, 299]
[317, 302, 301]
[313, 302, 300]
[319, 299, 299]
[319, 300, 299]
[317, 300, 299]
[317, 302, 299]
[318, 299, 297]
[317, 300, 298]
[320, 301, 302]
[317, 300, 298]
[318, 300, 301]
[319, 303, 299]
[319, 299, 297]
[317, 299, 300]
[316, 299, 301]
[316, 298, 299]
[318, 301, 300]
[318, 300, 300]
[321, 299, 300]
[317, 300, 298]
[318, 300, 302]
[317, 301, 299]
[318, 298, 302]
[317, 300, 299]
[316, 298, 301]
[317, 300, 300]
[317, 299, 300]
[319, 300, 297]
[315, 297, 300]
[316, 299, 300]
[318, 299, 300]
[317, 300, 302]
[319, 301, 298]
[319, 300, 299]
[321, 300, 297]
[318, 301, 299]
[316, 301, 301]
[317, 301, 299]
[318, 301, 298]
[319, 300, 298]
[317, 299, 300]
[312, 300, 300]
[315, 302, 299]
[316, 299, 297]
[319, 299, 300]
[318, 299, 301]
[316, 300, 299]
[319, 300, 300]
[316, 300, 299]
[318, 300, 299]
[319, 299, 298]
[318, 299, 300]
[316, 299, 300]
[320, 304, 301]
[317, 300, 301]
[316, 301, 299]
[317, 299, 300]
[317, 299, 298]
[315, 298, 297]
[318, 300, 299]
[318, 299, 300]
[320, 302, 299]
[318, 299, 300]
[319, 298, 299]
[317, 300, 301]
[318, 301, 301]
[321, 301, 298]
[318, 300, 298]
[317, 300, 299]
[314, 301, 304]
[320, 298, 300]
[315, 298, 300]
[316, 300, 300]
[318, 301, 299]
[317, 300, 299]
[318, 302, 299]
[319, 299, 300]
[317, 299, 305]
[320, 302, 301]
[317, 301, 300]
[319, 301, 298]
[317, 298, 302]
[321, 301, 299]
[320, 301, 299]
[320, 301, 299]
[314, 301, 299]
[314, 300, 298]
[316, 300, 298]
[316, 301, 299]
[319, 301, 301]
[319, 300, 300]
[318, 299, 299]
[319, 300, 298]
[317, 301, 300]
[320, 300, 299]
[319, 303, 300]
[319, 299, 299]
[319, 302, 299]
[315, 300, 298]
[314, 302, 299]
[320, 303, 306]
[319, 303, 300]
[318, 302, 300]
[317, 301, 300]
[318, 302, 299]
[319, 300, 299]
[321, 301, 300]
[317, 299, 298]
[323, 303, 303]
[317, 301, 300]
[316, 299, 301]
[317, 301, 301]
[320, 302, 297]
[323, 301, 298]
[315, 298, 298]
[315, 299, 301]
[319, 304, 303]
[316, 302, 300]
[315, 301, 299]
[319, 301, 299]
[319, 299, 301]
[318, 302, 300]
[316, 299, 303]
[320, 301, 302]
[320, 305, 302]
[322, 301, 298]
[322, 299, 298]
[319, 301, 298]
[313, 301, 299]
[317, 301, 301]
[320, 302, 299]
[320, 299, 300]
[318, 300, 302]
[318, 299, 300]
[317, 299, 300]
[319, 301, 300]
[319, 301, 299]
[318, 299, 299]
[318, 297, 302]
[323, 302, 301]
[318, 300, 299]
[319, 303, 301]
[317, 302, 300]
[315, 299, 299]
[315, 300, 299]
[316, 302, 302]
[322, 301, 299]
[321, 299, 301]
[318, 298, 301]
[318, 301, 304]
[317, 302, 299]
[318, 302, 299]
[319, 301, 300]
[321, 300, 300]
[318, 301, 299]
[320, 304, 303]
[318, 303, 303]
[318, 302, 299]
[322, 301, 299]
[317, 299, 297]
[315, 302, 301]
[316, 301, 301]
[318, 303, 302]
[321, 303, 301]
[319, 301, 299]
[322, 300, 299]
[316, 302, 300]
[318, 303, 301]
[319, 301, 298]
[319, 300, 298]
[318, 301, 299]
[315, 303, 302]
[313, 299, 301]
[319, 302, 302]
[317, 302, 299]
[318, 300, 300]
[318, 301, 299]
[322, 300, 303]
[319, 302, 301]
[316, 304, 303]
[320, 302, 301]
[319, 301, 300]
[322, 302, 302]
[320, 301, 301]
[318, 300, 301]
[317, 301, 301]
[316, 301, 299]
[319, 303, 302]
[319, 302, 299]
[316, 300, 302]
[316, 302, 301]
[320, 300, 299]
[320, 302, 301]
[317, 301, 300]
[319, 299, 302]
[318, 302, 304]
[320, 302, 300]
[318, 302, 302]
[323, 302, 301]
[319, 303, 300]
[318, 302, 299]
[316, 303, 302]
[318, 307, 303]
[320, 302, 301]
[318, 302, 299]
[320, 303, 300]
[317, 300, 301]
[320, 302, 301]
[318, 302, 301]
[318, 303, 299]
[321, 304, 306]
[319, 302, 301]
[320, 300, 301]
[318, 303, 301]
[317, 301, 299]
[319, 302, 301]
[315, 302, 299]
[317, 300, 301]
[321, 305, 304]
[319, 302, 302]
[319, 303, 302]
[318, 302, 300]
[317, 302, 301]
[321, 300, 301]
[320, 300, 303]
[319, 302, 302]
[320, 305, 304]
[322, 301, 301]
[318, 300, 301]
[315, 302, 300]
[318, 302, 302]
[321, 302, 301]
[319, 300, 299]
[319, 301, 302]
[321, 304, 302]
[319, 300, 302]
[318, 300, 300]
[318, 301, 302]
[319, 300, 301]
[320, 302, 302]
[320, 300, 300]
[316, 300, 302]
[319, 301, 300]
[318, 302, 302]
[319, 302, 301]
[316, 302, 302]
[320, 301, 302]
[317, 302, 301]
[318, 303, 302]
[318, 303, 301]
[318, 303, 299]
[320, 301, 302]
[317, 301, 303]
[321, 302, 302]
[320, 303, 302]
[320, 302, 300]
[320, 303, 300]
[323, 306, 302]
[314, 300, 302]
[317, 302, 302]
[316, 302, 302]
[319, 303, 301]
[320, 301, 302]
[320, 301, 301]
[317, 302, 302]
[322, 305, 303]
[320, 301, 302]
[318, 304, 302]
[319, 303, 302]
[318, 302, 302]
[322, 304, 301]
[318, 301, 301]
[318, 303, 300]
[318, 302, 306]
[318, 301, 301]
[317, 302, 303]
[318, 303, 301]
[319, 302, 303]
[321, 300, 303]
[317, 301, 302]
[319, 300, 302]
[321, 304, 307]
[320, 302, 302]
[319, 304, 301]
[321, 302, 302]
[318, 302, 302]
[320, 300, 302]
[320, 304, 304]
[321, 302, 298]
[319, 304, 305]
[319, 301, 302]
[318, 300, 302]
[320, 301, 302]
[320, 301, 304]
[320, 303, 303]
[320, 303, 303]
[319, 300, 301]
[319, 301, 304]
[318, 304, 301]
[320, 304, 302]
[321, 303, 302]
[319, 303, 300]
[317, 300, 303]
[323, 302, 300]
[317, 301, 302]
[319, 305, 302]
[320, 304, 302]
[321, 303, 302]
[318, 300, 302]
[319, 303, 304]
[323, 303, 302]
[321, 302, 300]
[319, 306, 302]
[318, 304, 302]
[318, 302, 302]
[319, 303, 302]
[319, 303, 300]
[319, 302, 300]
[317, 302, 300]
[320, 302, 304]
[325, 306, 303]
[320, 303, 302]
[321, 303, 302]
[322, 302, 302]
[318, 302, 302]
[318, 306, 302]
[318, 303, 304]
[322, 303, 302]
[322, 303, 306]
[322, 303, 301]
[317, 302, 301]
[318, 301, 302]
[318, 302, 303]
[322, 301, 302]
[318, 302, 301]
[321, 301, 304]
[322, 303, 302]
[320, 302, 302]
[318, 303, 302]
[321, 304, 302]
[320, 301, 302]
[322, 301, 302]
[320, 303, 302]
[320, 303, 304]
[319, 305, 305]
[317, 302, 302]
[320, 303, 301]
[320, 303, 301]
[320, 302, 302]
[319, 301, 302]
[318, 305, 302]
[321, 305, 302]
[320, 303, 304]
[318, 303, 302]
[320, 304, 303]
[320, 303, 303]
[321, 303, 302]
[319, 303, 300]
[317, 303, 304]
[317, 303, 306]
[320, 301, 302]
[318, 302, 304]
[322, 303, 302]
[320, 304, 300]
[319, 304, 301]
[318, 303, 302]
[320, 303, 304]
[324, 304, 301]
[320, 302, 300]
[322, 303, 302]
[320, 303, 304]
[318, 303, 303]
[318, 303, 303]
[320, 301, 300]
[318, 301, 302]
[321, 305, 304]
[318, 301, 303]
[320, 304, 304]
[320, 303, 303]
[322, 302, 303]
[320, 303, 300]
[319, 301, 302]
[323, 304, 301]
[322, 304, 305]
[322, 305, 303]
[320, 304, 303]
[320, 303, 302]
[320, 301, 302]
[318, 301, 301]
[319, 304, 303]
[318, 306, 302]
[323, 304, 304]
[321, 303, 301]
[318, 301, 302]
[319, 304, 303]
[321, 305, 303]
[322, 303, 303]
[319, 301, 301]
[321, 303, 301]
[320, 304, 305]
[321, 302, 302]
[319, 305, 303]
[321, 303, 303]
[319, 304, 301]
[318, 303, 301]
[320, 304, 303]
[317, 304, 302]
[319, 302, 305]
[321, 303, 302]
[319, 303, 303]
[322, 305, 300]
[318, 301, 303]
[320, 304, 302]
[319, 305, 303]
[319, 303, 300]
[322, 301, 302]
[320, 302, 302]
[318, 304, 303]
[317, 302, 303]
[320, 303, 302]
[320, 306, 302]
[319, 301, 303]
[322, 304, 304]
[320, 303, 305]
[320, 303, 305]
[320, 304, 303]
[319, 303, 301]
[319, 302, 303]
[322, 303, 304]
[322, 302, 303]
[324, 305, 305]
[320, 303, 302]
[319, 305, 302]
[319, 301, 303]
[318, 303, 304]
[320, 305, 303]
[321, 303, 301]
[321, 302, 301]
[321, 307, 305]
[321, 302, 303]
[320, 303, 301]
[321, 303, 303]
[320, 303, 304]
[321, 303, 301]
[320, 301, 303]
[320, 303, 305]
[319, 305, 303]
[318, 304, 302]
[319, 303, 303]
[320, 303, 301]
[317, 304, 304]
[320, 304, 306]
[320, 303, 301]
[320, 303, 303]
[321, 305, 307]
[320, 302, 301]
[321, 304, 303]
[320, 304, 303]
[319, 307, 306]
[320, 304, 304]
[318, 303, 301]
[317, 303, 302]
[321, 302, 305]
[320, 305, 303]
[320, 303, 303]
[320, 304, 301]
[320, 303, 303]
[325, 302, 301]
[320, 304, 303]
[322, 307, 304]
[320, 304, 303]
[320, 303, 306]
[319, 302, 301]
[320, 302, 304]
[321, 303, 303]
[320, 302, 303]
[320, 301, 303]
[323, 312, 303]
[320, 303, 304]
[320, 303, 305]
[323, 304, 303]
[323, 304, 305]
[320, 301, 303]
[318, 303, 304]
[320, 304, 304]
[325, 306, 307]
[322, 304, 304]
[323, 305, 303]
[321, 304, 302]
[320, 304, 302]
[316, 302, 304]
[317, 304, 303]
[322, 304, 305]
[329, 307, 305]
[320, 303, 303]
[319, 305, 303]
[318, 302, 304]
[321, 304, 302]
[321, 303, 303]
[321, 302, 304]
[322, 302, 303]
[324, 305, 305]
[321, 304, 303]
[319, 305, 302]
[319, 303, 301]
[319, 304, 303]
[319, 303, 304]
[320, 304, 303]
[320, 305, 303]
[322, 306, 304]
[322, 304, 304]
[321, 304, 303]
[319, 303, 300]
[321, 300, 303]
[318, 305, 303]
[322, 306, 303]
[323, 303, 301]
[319, 301, 305]
[320, 304, 304]
[320, 305, 303]
[319, 305, 304]
[321, 304, 303]
[322, 301, 304]
[319, 302, 307]
[319, 304, 305]
[320, 304, 303]
[320, 305, 305]
[322, 308, 302]
[320, 304, 302]
[320, 302, 303]
[319, 304, 307]
[326, 304, 303]
[325, 307, 303]
[319, 304, 303]
[318, 303, 304]
[322, 304, 302]
[320, 304, 304]
[323, 304, 303]
[324, 302, 303]
[322, 304, 304]
[322, 306, 307]
[321, 306, 304]
[320, 304, 305]
[322, 305, 305]
[323, 304, 302]
[319, 303, 302]
[321, 305, 303]
[318, 304, 303]
[318, 308, 304]
[321, 305, 305]
[321, 305, 304]
[321, 302, 303]
[319, 305, 302]
[320, 305, 303]
[321, 309, 303]
[323, 303, 303]
[323, 309, 309]
[321, 304, 302]
[321, 305, 304]
[321, 305, 303]
[322, 306, 302]
[319, 305, 304]
[322, 305, 303]
[320, 304, 305]
[321, 308, 306]
[321, 307, 304]
[320, 305, 304]
[322, 305, 304]
[321, 304, 303]
[320, 303, 304]
[320, 304, 304]
[320, 305, 305]
[321, 303, 307]
[321, 305, 304]
[323, 306, 302]
[321, 303, 304]
[317, 304, 306]
[319, 307, 304]
[322, 304, 303]
[326, 304, 306]
[321, 302, 306]
[323, 304, 304]
[321, 305, 304]
[319, 305, 306]
[324, 306, 303]
[324, 304, 303]
[320, 304, 303]
[322, 305, 304]
[325, 304, 304]
[320, 306, 304]
[318, 305, 302]
[318, 304, 303]
[321, 304, 303]
[322, 303, 304]
[320, 305, 304]
[322, 306, 306]
[321, 305, 303]
[322, 306, 304]
[319, 304, 302]
[320, 304, 305]
[323, 305, 303]
[322, 304, 303]
[319, 305, 306]
[322, 306, 304]
[320, 305, 304]
[319, 305, 305]
[320, 305, 306]
[322, 308, 302]
[322, 302, 304]
[320, 305, 304]
[321, 305, 304]
[322, 309, 305]
[321, 305, 304]
[320, 305, 303]
[319, 304, 302]
[322, 305, 305]
[322, 306, 303]
[324, 305, 304]
[324, 304, 303]
[319, 306, 305]
[319, 304, 304]
[316, 304, 302]
[322, 306, 307]
[321, 306, 304]
[321, 305, 304]
[321, 304, 302]
[322, 304, 305]
[321, 304, 306]
[322, 304, 304]
[323, 305, 304]
[322, 306, 303]
[325, 304, 303]
[320, 305, 306]
[318, 306, 305]
[316, 305, 304]
[321, 305, 306]
[320, 305, 303]
[319, 305, 304]
[321, 305, 304]
[321, 305, 304]
[320, 306, 303]
[323, 306, 305]
[325, 306, 303]
[322, 306, 305]
[326, 306, 305]
[326, 305, 304]
[324, 305, 302]
[319, 304, 304]
[318, 304, 307]
[319, 305, 303]
[323, 307, 309]
[324, 306, 304]
[321, 307, 304]
[321, 303, 304]
[320, 304, 304]
[318, 305, 306]
[321, 307, 305]
[325, 305, 303]
[321, 307, 306]
[319, 304, 304]
[321, 304, 305]
[320, 306, 305]
[322, 306, 304]
[318, 305, 306]
[320, 305, 304]
[321, 304, 305]
[324, 307, 309]
[322, 304, 304]
[322, 306, 303]
[322, 303, 304]
[319, 305, 304]
[320, 306, 304]
[322, 307, 305]
[321, 303, 303]
[322, 309, 306]
[323, 306, 309]
[318, 306, 304]
[317, 303, 305]
[315, 305, 305]
[321, 310, 307]
[324, 305, 303]
[320, 306, 307]
[322, 304, 306]
[323, 306, 306]
[324, 305, 305]
[323, 305, 305]
[324, 305, 305]
[322, 304, 306]
[320, 305, 305]
[325, 306, 307]
[322, 306, 305]
[319, 308, 305]
[322, 305, 304]
[322, 303, 305]
[321, 306, 304]
[324, 306, 304]
[321, 304, 305]
[325, 306, 303]
[322, 305, 303]
[320, 303, 304]
[319, 304, 306]
[322, 306, 305]
[326, 306, 303]
[322, 302, 305]
[320, 305, 305]
[325, 312, 308]
[318, 304, 305]
[320, 307, 306]
[322, 306, 304]
[320, 306, 304]
[319, 304, 305]
[321, 307, 306]
[321, 306, 305]
[325, 309, 307]
[326, 305, 307]
[321, 306, 304]
[320, 304, 304]
[322, 305, 305]
[321, 306, 303]
[320, 306, 305]
[319, 306, 305]
[321, 307, 307]
[321, 304, 304]
[320, 306, 306]
[322, 306, 305]
[323, 308, 304]
[321, 304, 304]
[322, 304, 306]
[322, 306, 307]
[318, 309, 308]
[322, 305, 306]
[325, 305, 305]
[323, 306, 308]
[321, 304, 306]
[318, 304, 305]
[323, 306, 306]
[323, 306, 307]
[323, 303, 306]
[322, 306, 304]
[323, 303, 305]
[320, 306, 306]
[323, 305, 304]
[324, 305, 305]
[324, 303, 304]
[321, 306, 305]
[321, 307, 304]
[321, 305, 306]
[320, 306, 307]
[322, 307, 305]
[321, 306, 304]
[320, 305, 305]
[321, 307, 306]
[327, 307, 306]
[322, 306, 306]
[322, 307, 303]
[323, 306, 303]
[323, 306, 306]
[320, 304, 306]
[322, 307, 307]
[321, 306, 306]
[327, 307, 312]
[324, 304, 304]
[323, 306, 304]
[320, 306, 307]
[321, 309, 306]
[322, 306, 306]
[320, 307, 306]
[321, 304, 304]
[325, 307, 309]
[324, 305, 305]
[320, 306, 307]
[324, 306, 304]
[321, 304, 304]
[320, 306, 305]
[322, 306, 305]
[324, 306, 305]
[321, 308, 309]
[317, 306, 306]
[318, 306, 305]
[322, 306, 306]
[320, 304, 304]
[322, 306, 305]
[324, 307, 305]
[323, 306, 306]
[321, 308, 307]
[319, 304, 307]
[321, 306, 306]
[321, 306, 305]
[323, 306, 306]
[325, 306, 307]
[325, 303, 304]
[324, 305, 306]
[321, 305, 309]
[322, 305, 306]
[322, 306, 306]
[325, 306, 306]
[323, 305, 304]
[322, 304, 306]
[322, 307, 306]
[324, 305, 307]
[320, 306, 306]
[323, 307, 304]
[324, 304, 305]
[321, 304, 305]
[322, 305, 306]
[324, 308, 305]
[320, 303, 306]
[324, 305, 306]
[322, 304, 306]
[323, 309, 306]
[323, 308, 306]
[322, 306, 306]
[322, 304, 305]
[321, 306, 304]
[322, 304, 306]
[329, 309, 311]
[320, 305, 306]
[322, 307, 306]
[323, 305, 304]
[324, 305, 306]
[319, 305, 304]
[320, 304, 306]
[322, 306, 306]
[325, 309, 308]
[323, 307, 307]
[323, 305, 302]
[323, 306, 308]
[322, 308, 308]
[323, 307, 307]
[321, 305, 303]
[321, 307, 307]
[325, 306, 306]
[323, 304, 309]
[324, 305, 306]
[321, 306, 307]
[325, 307, 306]
[322, 307, 305]
[323, 306, 304]
[320, 306, 306]
[320, 306, 312]
[319, 304, 306]
[321, 308, 306]
[322, 306, 305]
[324, 306, 303]
[321, 304, 306]
[323, 305, 307]
[323, 306, 305]
[324, 305, 305]
[326, 306, 304]
[322, 304, 306]
[320, 306, 306]
[320, 305, 306]
[323, 308, 308]
[322, 305, 305]
[325, 307, 304]
[325, 306, 306]
[321, 306, 304]
[320, 306, 305]
[322, 307, 305]
[324, 306, 304]
[322, 307, 306]
[324, 307, 306]
[330, 310, 306]
[318, 309, 304]
[323, 304, 306]
[322, 304, 306]
[321, 306, 305]
[322, 306, 306]
[320, 306, 304]
[322, 305, 306]
[322, 308, 307]
[324, 305, 304]
[322, 304, 305]
[321, 308, 306]
[325, 308, 304]
[323, 307, 303]
[320, 307, 306]
[320, 306, 309]
[325, 307, 310]
[322, 305, 306]
[323, 305, 306]
[324, 305, 308]
[323, 308, 306]
[324, 307, 308]
[321, 305, 307]
[322, 307, 309]
[325, 310, 307]
[322, 305, 306]
[326, 305, 305]
[321, 305, 308]
[327, 308, 306]
[325, 308, 307]
[322, 307, 304]
[320, 306, 306]
[322, 308, 305]
[320, 305, 306]
[322, 304, 306]
[320, 307, 307]
[322, 309, 305]
[323, 309, 304]
[324, 307, 306]
[324, 306, 305]
[324, 306, 307]
[322, 307, 306]
[322, 308, 307]
[324, 309, 306]
[322, 305, 305]
[320, 306, 306]
[321, 307, 306]
[324, 307, 307]
[322, 307, 306]
[321, 305, 305]
[321, 308, 304]
[321, 305, 305]
[324, 308, 306]
[324, 307, 306]
[323, 307, 304]
[326, 306, 306]
[324, 305, 306]
[321, 305, 306]
[320, 305, 311]
[323, 307, 307]
[321, 307, 306]
[319, 305, 305]
[323, 307, 307]
[325, 309, 309]
[323, 308, 307]
[323, 308, 308]
[321, 307, 306]
[324, 307, 306]
[323, 305, 307]
[325, 309, 308]
[324, 308, 306]
[330, 309, 309]
[321, 305, 306]
[323, 305, 305]
[322, 307, 307]
[324, 307, 308]
[323, 307, 306]
[325, 307, 307]
[324, 305, 306]
[322, 307, 309]
[324, 310, 307]
[324, 309, 307]
[324, 307, 307]
[323, 307, 306]
[321, 306, 308]
[325, 308, 308]
[324, 307, 307]
[324, 310, 309]
[324, 307, 305]
[323, 307, 308]
[322, 310, 305]
[321, 306, 305]
[321, 310, 308]
[324, 313, 307]
[323, 308, 305]
[322, 308, 307]
[323, 307, 305]
[325, 306, 305]
[322, 306, 307]
[323, 308, 306]
[322, 310, 305]
[323, 306, 304]
[324, 305, 308]
[320, 307, 305]
[320, 308, 308]
[323, 308, 308]
[321, 307, 307]
[322, 305, 306]
[322, 308, 306]
[325, 308, 307]
[328, 310, 308]
[324, 307, 308]
[326, 307, 306]
[322, 309, 306]
[324, 304, 305]
[323, 306, 312]
[323, 308, 307]
[322, 308, 305]
[325, 309, 307]
[323, 307, 305]
[322, 308, 306]
[323, 308, 308]
[323, 308, 307]
[324, 308, 307]
[326, 306, 306]
[320, 307, 305]
[325, 311, 309]
[323, 308, 308]
[323, 307, 308]
[323, 307, 305]
[323, 308, 305]
[323, 307, 307]
[322, 307, 306]
[322, 308, 305]
[323, 309, 311]
[326, 307, 308]
[322, 305, 307]
[322, 309, 308]
[321, 310, 307]
[324, 309, 308]
[323, 306, 305]
[322, 305, 308]
[321, 309, 309]
[322, 309, 307]
[325, 307, 308]
[322, 307, 307]
[323, 307, 307]
[323, 306, 307]
[322, 308, 308]
[322, 308, 307]
[324, 310, 306]
[325, 308, 305]
[323, 308, 305]
[324, 306, 306]
[323, 306, 307]
[322, 308, 308]
[324, 307, 308]
[324, 307, 307]
[322, 308, 306]
[323, 308, 306]
[320, 305, 307]
[320, 307, 310]
[324, 309, 307]
[324, 308, 305]
[324, 306, 308]
[326, 307, 307]
[325, 308, 309]
[324, 307, 308]
[324, 307, 307]
[323, 308, 305]
[323, 308, 306]
[324, 306, 308]
[323, 308, 311]
[327, 310, 311]
[324, 306, 308]
[323, 308, 306]
[321, 306, 308]
[323, 306, 308]
[324, 307, 308]
[324, 308, 307]
[324, 306, 307]
[325, 310, 309]
[320, 306, 306]
[320, 307, 308]
[323, 308, 307]
[327, 309, 306]
[322, 308, 306]
[321, 307, 310]
[324, 309, 306]
[323, 311, 308]
[324, 309, 305]
[320, 306, 308]
[326, 307, 308]
[324, 307, 308]
[324, 307, 306]
[323, 310, 306]
[325, 308, 306]
[323, 309, 309]
[323, 309, 307]
[321, 308, 307]
[324, 309, 308]
[326, 307, 306]
[326, 306, 307]
[324, 306, 306]
[322, 306, 307]
[321, 309, 309]
[320, 308, 308]
[322, 310, 309]
[324, 306, 306]
[323, 307, 308]
[320, 307, 308]
[324, 309, 306]
[326, 308, 308]
[325, 307, 308]
[322, 306, 306]
[323, 308, 307]
[325, 308, 308]
[324, 309, 309]
[323, 308, 308]
[324, 306, 308]
[321, 305, 307]
[323, 308, 310]
[323, 307, 309]
[326, 307, 307]
[325, 309, 307]
[321, 306, 306]
[324, 307, 308]
[324, 306, 308]
[330, 312, 311]
[324, 309, 309]
[328, 308, 306]
[323, 307, 308]
[322, 308, 308]
[321, 310, 309]
[323, 307, 306]
[322, 306, 306]
[324, 310, 312]
[323, 306, 308]
[322, 308, 309]
[324, 309, 310]
[324, 307, 308]
[323, 308, 308]
[325, 307, 308]
[324, 307, 308]
[328, 314, 312]
[325, 310, 307]
[327, 309, 308]
[322, 307, 306]
[321, 308, 310]
[326, 311, 308]
[325, 312, 307]
[324, 307, 307]
[325, 310, 311]
[324, 309, 307]
[322, 306, 308]
[322, 307, 306]
[322, 308, 308]
[324, 311, 308]
[323, 309, 306]
[322, 306, 310]
[323, 306, 307]
[325, 308, 308]
[324, 307, 307]
[323, 307, 308]
[323, 311, 307]
[324, 307, 308]
[320, 308, 310]
[326, 309, 309]
[327, 309, 310]
[324, 307, 307]
[324, 309, 310]
[323, 307, 307]
[323, 309, 311]
[324, 309, 306]
[325, 309, 310]
[329, 311, 307]
[320, 308, 310]
[321, 308, 308]
[324, 309, 309]
[325, 309, 305]
[324, 306, 306]
[323, 307, 308]
[322, 307, 308]
[328, 314, 311]
[322, 307, 308]
[323, 310, 308]
[324, 309, 307]
[325, 307, 307]
[326, 307, 307]
[322, 308, 307]
[322, 312, 307]
[322, 312, 309]
[324, 308, 307]
[324, 307, 308]
[324, 307, 308]
[323, 307, 309]
[324, 310, 307]
[325, 309, 306]
[323, 307, 307]
[323, 310, 308]
[323, 311, 308]
[325, 309, 308]
[325, 314, 308]
[323, 309, 306]
[322, 308, 308]
[320, 307, 312]
[325, 310, 307]
[322, 309, 311]
[325, 309, 309]
[324, 309, 307]
[325, 311, 307]
[325, 307, 308]
[322, 309, 308]
[323, 310, 309]
[325, 309, 307]
[324, 306, 309]
[322, 309, 307]
[323, 308, 310]
[326, 309, 311]
[322, 309, 308]
[322, 307, 307]
[321, 308, 307]
[321, 307, 307]
[322, 306, 310]
[324, 309, 312]
[326, 310, 309]
[325, 307, 308]
[322, 308, 309]
[322, 309, 309]
[324, 311, 310]
[325, 308, 307]
[327, 309, 310]
[327, 308, 306]
[320, 306, 309]
[322, 309, 309]
[325, 310, 307]
[324, 307, 307]
[322, 308, 308]
[326, 310, 309]
[323, 308, 309]
[322, 311, 309]
[324, 307, 309]
[325, 310, 306]
[323, 307, 310]
[324, 309, 309]
[326, 308, 308]
[326, 312, 310]
[325, 311, 307]
[322, 308, 307]
[322, 309, 307]
[321, 310, 309]
[325, 310, 311]
[326, 309, 307]
[327, 308, 307]
[328, 312, 311]
[323, 309, 308]
[324, 308, 309]
[325, 312, 311]
[323, 309, 309]
[324, 310, 308]
[327, 308, 309]
[324, 311, 309]
[323, 312, 313]
[323, 309, 310]
[320, 310, 310]
[323, 310, 309]
[325, 310, 307]
[325, 308, 307]
[323, 309, 308]
[324, 310, 310]
[322, 310, 311]
[325, 310, 307]
[323, 310, 307]
[325, 309, 309]
[324, 310, 310]
[328, 311, 309]
[322, 310, 307]
[319, 307, 308]
[320, 309, 310]
[325, 309, 309]
[323, 310, 310]
[325, 310, 309]
[327, 310, 307]
[325, 308, 309]
[322, 309, 309]
[329, 313, 310]
[325, 310, 308]
[326, 310, 309]
[325, 310, 307]
[323, 310, 307]
[321, 309, 307]
[320, 310, 309]
[324, 310, 309]
[327, 311, 313]
[325, 310, 309]
[326, 310, 307]
[324, 308, 308]
[323, 312, 309]
[326, 310, 310]
[324, 309, 309]
[324, 311, 310]
[326, 311, 311]
[325, 310, 308]
[325, 308, 310]
[325, 312, 308]
[326, 310, 308]
[324, 310, 307]
[323, 309, 307]
[322, 310, 310]
[327, 312, 312]
[322, 310, 312]
[323, 310, 308]
[324, 308, 309]
[329, 308, 308]
[324, 308, 310]
[325, 309, 308]
[325, 311, 308]
[328, 313, 310]
[326, 310, 308]
[327, 310, 309]
[318, 308, 309]
[320, 312, 310]
[322, 308, 310]
[325, 309, 313]
[325, 308, 307]
[326, 305, 313]
[324, 308, 309]
[322, 310, 310]
[326, 311, 309]
[323, 310, 310]
[326, 308, 309]
[325, 310, 310]
[328, 309, 310]
[320, 308, 309]
[322, 310, 309]
[326, 310, 307]
[325, 310, 310]
[322, 310, 308]
[326, 310, 310]
[327, 308, 309]
[326, 313, 308]
[324, 310, 308]
[324, 308, 310]
[326, 307, 310]
[325, 310, 310]
[328, 308, 308]
[324, 310, 308]
[326, 309, 308]
[324, 312, 313]
[323, 309, 310]
[321, 310, 309]
[323, 312, 309]
[327, 310, 308]
[323, 310, 308]
[322, 312, 310]
[324, 312, 309]
[324, 313, 314]
[325, 311, 309]
[326, 310, 308]
[325, 309, 310]
[328, 310, 310]
[328, 313, 310]
[329, 309, 310]
[320, 310, 307]
[324, 311, 310]
[325, 310, 309]
[325, 310, 310]
[324, 310, 309]
[325, 309, 309]
[324, 309, 310]
[325, 310, 308]
[323, 308, 310]
[323, 310, 312]
[325, 309, 310]
[324, 312, 309]
[327, 310, 309]
[325, 310, 309]
[323, 309, 310]
[324, 309, 312]
[324, 310, 310]
[326, 310, 312]
[325, 307, 308]
[326, 309, 308]
[326, 308, 308]
[323, 310, 309]
[326, 309, 310]
[325, 310, 308]
[326, 310, 308]
[326, 309, 308]
[326, 309, 310]
[326, 312, 310]
[325, 310, 310]
[323, 307, 308]
[322, 308, 307]
[321, 309, 310]
[329, 311, 314]
[328, 309, 308]
[326, 308, 310]
[324, 307, 310]
[324, 311, 310]
[326, 309, 309]
[327, 310, 311]
[326, 309, 312]
[327, 313, 312]
[326, 309, 310]
[325, 310, 310]
[323, 309, 310]
[324, 309, 311]
[326, 312, 312]
[323, 310, 309]
[324, 310, 308]
[326, 313, 313]
[322, 311, 309]
[324, 312, 310]
[324, 310, 309]
[327, 310, 310]
[326, 309, 309]
[325, 310, 310]
[328, 312, 310]
[329, 315, 312]
[325, 310, 310]
[323, 308, 308]
[324, 308, 308]
[324, 310, 309]
[325, 310, 310]
[325, 312, 307]
[325, 311, 308]
[328, 312, 311]
[326, 310, 311]
[325, 310, 308]
[327, 309, 310]
[328, 309, 310]
[327, 310, 310]
[324, 313, 310]
[325, 309, 308]
[324, 311, 311]
[324, 308, 308]
[323, 308, 310]
[326, 312, 311]
[329, 312, 310]
[326, 309, 309]
[323, 310, 312]
[324, 310, 310]
[326, 312, 309]
[328, 309, 310]
[325, 312, 311]
[327, 310, 309]
[326, 307, 310]
[326, 308, 311]
[323, 312, 310]
[326, 311, 311]
[326, 313, 310]
[324, 311, 309]
[323, 314, 309]
[326, 309, 310]
[325, 312, 309]
[323, 310, 310]
[328, 314, 309]
[326, 312, 308]
[323, 313, 308]
[326, 309, 310]
[328, 312, 311]
[328, 312, 308]
[321, 308, 309]
[322, 310, 312]
[325, 309, 310]
[327, 314, 314]
[326, 310, 313]
[326, 311, 310]
[324, 310, 310]
[329, 309, 310]
[323, 309, 310]
[324, 311, 311]
[325, 310, 309]
[326, 313, 314]
[323, 312, 309]
[324, 309, 310]
[329, 312, 308]
[323, 311, 312]
[323, 311, 309]
[324, 311, 310]
[326, 311, 310]
[325, 313, 315]
[327, 312, 309]
[326, 309, 309]
[326, 311, 312]
[324, 310, 309]
[327, 310, 309]
[326, 308, 309]
[327, 310, 310]
[327, 310, 313]
[323, 309, 310]
[322, 310, 311]
[324, 311, 309]
[323, 309, 310]
[325, 311, 309]
[326, 309, 310]
[327, 311, 310]
[324, 310, 310]
[326, 310, 309]
[326, 311, 308]
[324, 309, 310]
[326, 312, 311]
[327, 311, 308]
[325, 311, 309]
[326, 314, 308]
[325, 310, 310]
[323, 310, 312]
[324, 309, 308]
[324, 310, 312]
[325, 313, 310]
[326, 313, 308]
[325, 308, 310]
[328, 312, 309]
[325, 309, 311]
[325, 312, 311]
[324, 310, 310]
[329, 309, 308]
[326, 309, 310]
[327, 310, 309]
[320, 311, 313]
[326, 314, 313]
[326, 311, 308]
[326, 309, 310]
[325, 311, 312]
[326, 311, 312]
[326, 311, 309]
[329, 309, 309]
[324, 311, 308]
[329, 313, 315]
[325, 313, 312]
[325, 312, 314]
[328, 313, 310]
[325, 311, 312]
[328, 311, 310]
[324, 310, 313]
[328, 312, 309]
[324, 315, 314]
[325, 314, 310]
[328, 311, 312]
[328, 309, 311]
[324, 309, 310]
[325, 311, 311]
[327, 311, 310]
[328, 313, 310]
[324, 311, 312]
[325, 309, 309]
[325, 310, 310]
[326, 312, 312]
[325, 311, 310]
[322, 309, 309]
[322, 312, 309]
[324, 309, 312]
[324, 310, 312]
[326, 312, 310]
[325, 313, 311]
[327, 313, 309]
[325, 309, 309]
[326, 311, 311]
[326, 312, 311]
[327, 312, 311]
[327, 312, 311]
[326, 311, 310]
[324, 309, 309]
[323, 312, 312]
[326, 310, 311]
[326, 312, 311]
[325, 312, 309]
[328, 312, 316]
[325, 311, 312]
[324, 312, 310]
[325, 312, 313]
[328, 311, 310]
[326, 310, 308]
[326, 309, 309]
[324, 312, 310]
[327, 314, 314]
[326, 311, 311]
[326, 311, 311]
[325, 311, 308]
[323, 309, 310]
[325, 311, 312]
[326, 311, 311]
[325, 310, 311]
[328, 312, 315]
[325, 310, 311]
[324, 311, 314]
[325, 313, 311]
[327, 311, 312]
[325, 309, 311]
[325, 312, 311]
[328, 312, 311]
[328, 313, 316]
[325, 311, 311]
[325, 310, 312]
[326, 311, 310]
[325, 310, 311]
[323, 312, 312]
[322, 311, 310]
[326, 312, 311]
[325, 313, 314]
[328, 311, 311]
[327, 311, 309]
[328, 310, 311]
[326, 311, 312]
[326, 311, 313]
[327, 310, 308]
[327, 311, 310]
[325, 312, 309]
[321, 310, 314]
[324, 313, 311]
[325, 310, 311]
[325, 311, 311]
[325, 313, 309]
[324, 312, 311]
[330, 317, 311]
[326, 315, 312]
[326, 311, 309]
[327, 311, 311]
[326, 310, 310]
[325, 310, 311]
[328, 311, 313]
[325, 311, 312]
[326, 313, 311]
[325, 311, 309]
[326, 312, 311]
[324, 312, 312]
[327, 311, 310]
[325, 310, 309]
[327, 313, 308]
[324, 310, 311]
[328, 314, 314]
[326, 313, 310]
[327, 311, 311]
[328, 311, 309]
[325, 310, 311]
[326, 313, 312]
[324, 310, 311]
[328, 311, 311]
[328, 315, 313]
[329, 311, 311]
[330, 311, 309]
[327, 311, 312]
[325, 313, 312]
[329, 313, 310]
[326, 312, 310]
[324, 312, 311]
[327, 312, 314]
[329, 312, 311]
[326, 312, 312]
[325, 310, 312]
[326, 310, 312]
[324, 310, 308]
[322, 311, 312]
[326, 312, 314]
[324, 312, 313]
[327, 312, 310]
[327, 311, 311]
[327, 310, 310]
[324, 311, 310]
[327, 312, 312]
[324, 312, 311]
[325, 313, 309]
[327, 312, 311]
[328, 310, 311]
[323, 312, 310]
[322, 311, 313]
[325, 314, 312]
[327, 311, 312]
[326, 310, 311]
[328, 314, 312]
[327, 312, 311]
[326, 312, 310]
[326, 312, 311]
[325, 310, 310]
[325, 313, 311]
[326, 310, 312]
[328, 314, 313]
[333, 314, 313]
[326, 312, 309]
[327, 311, 309]
[324, 311, 310]
[325, 315, 313]
[326, 311, 312]
[327, 311, 314]
[327, 311, 313]
[331, 312, 315]
[325, 309, 311]
[326, 311, 314]
[327, 316, 312]
[325, 311, 314]
[324, 310, 310]
[325, 310, 314]
[334, 313, 313]
[329, 313, 315]
[324, 312, 312]
[324, 311, 311]
[327, 310, 313]
[327, 310, 311]
[327, 312, 312]
[328, 312, 311]
[327, 312, 311]
[327, 315, 313]
[327, 312, 311]
[327, 313, 314]
[328, 310, 310]
[325, 312, 312]
[326, 312, 312]
[327, 314, 310]
[321, 312, 312]
[321, 311, 316]
[327, 313, 313]
[326, 313, 311]
[330, 311, 310]
[325, 314, 310]
[326, 312, 312]
[325, 314, 312]
[330, 312, 311]
[326, 314, 311]
[326, 312, 310]
[327, 315, 312]
[324, 313, 312]
[324, 312, 311]
[325, 312, 313]
[326, 311, 310]
[329, 315, 309]
[326, 310, 311]
[325, 312, 310]
[325, 314, 312]
[327, 312, 310]
[326, 310, 312]
[324, 310, 311]
[325, 310, 312]
[326, 316, 315]
[326, 313, 311]
[328, 313, 311]
[329, 311, 311]
[328, 311, 311]
[324, 311, 312]
[324, 313, 314]
[326, 312, 311]
[331, 316, 316]
[327, 313, 313]
[327, 310, 311]
[324, 311, 312]
[324, 312, 312]
[328, 313, 312]
[328, 311, 310]
[327, 310, 310]
[329, 316, 316]
[329, 310, 311]
[326, 313, 313]
[324, 311, 311]
[322, 311, 311]
[326, 310, 312]
[327, 312, 311]
[326, 313, 315]
[327, 313, 312]
[327, 311, 311]
[328, 314, 312]
[326, 313, 310]
[326, 311, 313]
[326, 310, 311]
[328, 314, 311]
[327, 313, 312]
[326, 314, 312]
[326, 312, 311]
[327, 310, 310]
[326, 310, 312]
[324, 312, 312]
[327, 313, 311]
[328, 312, 310]
[326, 311, 312]
[323, 311, 311]
[325, 312, 311]
[328, 312, 311]
[328, 313, 314]
[328, 312, 311]
[327, 311, 312]
[326, 312, 311]
[329, 314, 314]
[323, 313, 311]
[324, 314, 314]
[325, 313, 311]
[326, 312, 311]
[327, 311, 314]
[327, 312, 313]
[327, 315, 312]
[328, 315, 314]
[327, 313, 312]
[327, 310, 311]
[327, 312, 312]
[327, 313, 314]
[333, 313, 310]
[330, 312, 311]
[325, 313, 311]
[326, 318, 316]
[328, 313, 311]
[326, 312, 313]
[327, 314, 311]
[327, 311, 311]
[325, 310, 312]
[325, 313, 314]
[326, 313, 312]
[332, 315, 313]
[333, 313, 311]
[327, 313, 310]
[326, 313, 311]
[327, 313, 312]
[323, 313, 312]
[327, 312, 311]
[329, 312, 313]
[327, 315, 315]
[325, 312, 311]
[326, 313, 312]
[325, 313, 313]
[327, 314, 310]
[329, 313, 311]
[326, 313, 310]
[325, 310, 311]
[328, 314, 314]
[328, 310, 313]
[329, 315, 314]
[329, 313, 312]
[330, 312, 311]
[324, 312, 311]
[321, 313, 311]
[326, 315, 311]
[327, 313, 310]
[327, 313, 312]
[324, 313, 313]
[328, 313, 313]
[326, 312, 312]
[326, 314, 312]
[326, 312, 312]
[328, 311, 311]
[330, 313, 312]
[326, 312, 314]
[324, 313, 313]
[324, 315, 313]
[325, 313, 312]
[327, 313, 313]
[327, 312, 313]
[329, 314, 313]
[329, 312, 312]
[326, 315, 311]
[327, 313, 311]
[326, 312, 313]
[327, 314, 314]
[327, 312, 314]
[332, 314, 312]
[334, 314, 312]
[323, 313, 311]
[325, 310, 312]
[326, 313, 313]
[324, 313, 313]
[326, 314, 312]
[327, 311, 310]
[325, 312, 313]
[326, 316, 316]
[328, 312, 313]
[326, 315, 315]
[330, 313, 312]
[329, 313, 311]
[327, 312, 312]
[328, 315, 313]
[326, 314, 313]
[324, 316, 314]
[325, 314, 316]
[324, 313, 311]
[327, 312, 312]
[326, 314, 312]
[327, 313, 314]
[328, 313, 312]
[326, 312, 313]
[327, 313, 312]
[325, 314, 312]
[326, 314, 313]
[326, 314, 312]
[330, 314, 313]
[329, 314, 313]
[328, 314, 314]
[321, 312, 313]
[325, 312, 312]
[325, 316, 315]
[327, 314, 312]
[327, 316, 311]
[329, 313, 314]
[327, 312, 315]
[327, 311, 313]
[331, 314, 313]
[330, 314, 313]
[327, 314, 313]
[331, 314, 312]
[327, 312, 315]
[324, 315, 313]
[328, 313, 313]
[332, 317, 314]
[327, 315, 315]
[329, 314, 313]
[328, 312, 314]
[327, 314, 313]
[328, 313, 312]
[329, 312, 313]
[326, 313, 314]
[330, 314, 314]
[328, 314, 315]
[327, 315, 311]
[327, 313, 313]
[329, 314, 313]
[325, 313, 312]
[327, 315, 313]
[327, 314, 312]
[329, 318, 316]
[325, 314, 314]
[328, 314, 313]
[329, 314, 313]
[327, 314, 312]
[329, 311, 312]
[326, 314, 314]
[327, 314, 312]
[330, 314, 315]
[330, 314, 312]
[328, 315, 313]
[325, 315, 313]
[326, 312, 313]
[324, 311, 314]
[325, 314, 313]
[328, 314, 312]
[329, 313, 313]
[327, 314, 313]
[327, 314, 312]
[327, 314, 315]
[328, 314, 312]
[328, 314, 313]
[329, 314, 312]
[328, 314, 315]
[325, 312, 312]
[324, 312, 316]
[323, 313, 314]
[327, 313, 315]
[327, 313, 312]
[328, 314, 313]
[327, 314, 314]
[329, 314, 313]
[329, 315, 315]
[328, 314, 313]
[328, 314, 314]
[327, 312, 314]
[327, 314, 312]
[326, 313, 314]
[327, 313, 313]
[329, 316, 316]
[328, 313, 312]
[325, 311, 313]
[325, 314, 314]
[331, 312, 312]
[327, 313, 314]
[325, 313, 312]
[325, 314, 315]
[330, 314, 314]
[327, 313, 314]
[327, 317, 314]
[329, 314, 314]
[329, 315, 312]
[329, 312, 314]
[328, 316, 314]
[325, 314, 311]
[331, 319, 317]
[326, 313, 314]
[328, 315, 312]
[326, 312, 314]
[326, 316, 315]
[326, 314, 313]
[329, 313, 313]
[329, 314, 312]
[328, 317, 317]
[325, 315, 312]
[328, 314, 314]
[328, 314, 313]
[326, 312, 312]
[323, 314, 312]
[327, 314, 314]
[328, 314, 314]
[328, 314, 316]
[327, 314, 313]
[327, 314, 314]
[329, 312, 314]
[326, 313, 314]
[327, 317, 314]
[328, 314, 314]
[329, 314, 314]
[329, 314, 314]
[329, 314, 312]
[326, 312, 314]
[330, 314, 313]
[327, 314, 312]
[327, 312, 313]
[326, 312, 312]
[327, 312, 314]
[329, 311, 314]
[328, 316, 314]
[327, 315, 314]
[327, 314, 312]
[326, 312, 315]
[328, 314, 313]
[331, 316, 317]
[331, 314, 314]
[329, 318, 314]
[326, 313, 312]
[325, 313, 313]
[326, 315, 312]
[330, 314, 314]
[329, 313, 312]
[328, 317, 316]
[326, 314, 312]
[325, 315, 312]
[325, 315, 314]
[328, 316, 313]
[330, 314, 312]
[329, 315, 314]
[327, 312, 314]
[330, 317, 314]
[326, 314, 316]
[328, 314, 313]
[331, 313, 311]
[326, 315, 314]
[328, 314, 314]
[328, 314, 314]
[327, 317, 318]
[329, 314, 312]
[327, 311, 314]
[327, 312, 313]
[328, 314, 314]
[329, 315, 312]
[328, 313, 312]
[325, 312, 314]
[325, 312, 314]
[326, 313, 314]
[326, 313, 314]
[328, 315, 313]
[330, 312, 314]
[329, 313, 315]
[327, 312, 312]
[328, 313, 314]
[327, 317, 313]
[328, 314, 313]
[327, 313, 313]
[326, 313, 315]
[326, 312, 316]
[327, 313, 314]
[326, 316, 313]
[330, 315, 314]
[326, 313, 313]
[329, 314, 312]
[327, 312, 313]
[327, 316, 314]
[327, 315, 314]
[330, 314, 312]
[327, 312, 314]
[331, 319, 317]
[329, 313, 314]
[328, 314, 315]
[331, 314, 314]
[329, 317, 312]
[326, 312, 312]
[325, 316, 313]
[328, 315, 313]
[332, 317, 318]
[326, 313, 315]
[327, 314, 314]
[329, 313, 313]
[324, 314, 313]
[326, 317, 313]
[328, 313, 313]
[329, 313, 314]
[330, 316, 317]
[329, 313, 315]
[330, 315, 313]
[327, 316, 311]
[327, 311, 314]
[327, 314, 316]
[326, 314, 313]
[328, 315, 314]
[330, 316, 315]
[327, 315, 316]
[329, 316, 315]
[330, 313, 314]
[328, 314, 317]
[327, 315, 317]
[329, 316, 313]
[329, 315, 314]
[330, 315, 314]
[328, 313, 313]
[329, 315, 314]
[325, 314, 315]
[327, 315, 314]
[330, 312, 314]
[327, 313, 315]
[327, 316, 314]
[328, 314, 313]
[329, 316, 314]
[327, 316, 313]
[329, 314, 312]
[329, 313, 314]
[327, 314, 317]
[332, 314, 314]
[333, 314, 315]
[326, 316, 316]
[325, 316, 314]
[325, 314, 314]
[328, 316, 314]
[327, 315, 314]
[326, 313, 314]
[327, 317, 315]
[333, 318, 311]
[328, 314, 313]
[330, 315, 315]
[334, 316, 314]
[328, 316, 314]
[326, 313, 312]
[327, 317, 314]
[326, 313, 315]
[332, 319, 318]
[326, 316, 315]
[330, 316, 313]
[328, 313, 314]
[326, 314, 313]
[326, 314, 314]
[329, 316, 315]
[327, 315, 313]
[328, 314, 317]
[326, 316, 314]
[328, 313, 313]
[327, 316, 316]
[328, 315, 314]
[329, 316, 315]
[329, 314, 312]
[325, 316, 314]
[325, 316, 317]
[329, 316, 316]
[328, 315, 314]
[328, 316, 315]
[330, 316, 315]
[329, 313, 314]
[329, 314, 313]
[327, 316, 318]
[331, 316, 318]
[329, 316, 316]
[330, 316, 312]
[328, 316, 313]
[330, 313, 313]
[325, 318, 315]
[326, 315, 315]
[329, 314, 314]
[327, 316, 314]
[330, 312, 314]
[327, 312, 314]
[329, 315, 315]
[329, 317, 314]
[329, 312, 316]
[327, 313, 314]
[329, 315, 315]
[330, 315, 315]
[329, 314, 315]
[327, 318, 313]
[329, 315, 315]
[328, 315, 316]
[326, 314, 315]
[324, 316, 315]
[331, 319, 316]
[329, 315, 313]
[329, 317, 313]
[329, 313, 316]
[330, 316, 313]
[329, 316, 316]
[332, 318, 315]
[329, 315, 314]
[330, 321, 316]
[326, 314, 312]
[325, 314, 316]
[327, 316, 317]
[328, 316, 314]
[330, 315, 312]
[325, 313, 313]
[328, 314, 312]
[332, 317, 314]
[331, 315, 315]
[329, 316, 313]
[330, 316, 313]
[325, 313, 313]
[328, 315, 316]
[328, 316, 315]
[330, 315, 315]
[332, 315, 317]
[329, 314, 314]
[329, 315, 315]
[326, 316, 316]
[328, 314, 314]
[330, 315, 315]
[329, 315, 314]
[330, 314, 316]
[329, 314, 316]
[326, 315, 316]
[329, 316, 316]
[329, 314, 315]
[332, 314, 313]
[330, 315, 313]
[329, 313, 313]
[329, 315, 315]
[328, 316, 314]
[328, 313, 313]
[327, 315, 315]
[330, 314, 315]
[327, 314, 313]
[328, 316, 316]
[329, 317, 315]
[330, 317, 313]
[328, 313, 313]
[330, 317, 315]
[328, 316, 315]
[328, 318, 316]
[331, 316, 313]
[329, 316, 313]
[328, 313, 316]
[327, 316, 319]
[328, 315, 317]
[328, 316, 315]
[330, 315, 316]
[331, 316, 313]
[330, 313, 315]
[329, 316, 316]
[330, 316, 316]
[333, 315, 317]
[329, 315, 313]
[329, 315, 313]
[327, 314, 315]
[328, 318, 316]
[328, 315, 317]
[330, 316, 313]
[330, 313, 314]
[328, 319, 317]
[329, 316, 315]
[328, 315, 313]
[328, 314, 313]
[327, 316, 316]
[327, 316, 314]
[328, 315, 313]
[330, 316, 316]
[333, 315, 317]
[330, 317, 315]
[333, 315, 315]
[330, 313, 315]
[330, 314, 315]
[326, 318, 315]
[328, 315, 316]
[330, 315, 313]
[330, 315, 319]
[328, 315, 316]
[328, 312, 317]
[329, 316, 315]
[330, 315, 315]
[327, 315, 314]
[329, 315, 316]
[330, 316, 316]
[329, 316, 316]
[330, 319, 314]
[329, 315, 315]
[327, 316, 313]
[326, 316, 317]
[332, 318, 316]
[330, 316, 315]
[333, 317, 314]
[329, 316, 315]
[329, 316, 313]
[327, 314, 314]
[328, 315, 315]
[330, 316, 315]
[328, 316, 313]
[329, 315, 314]
[330, 315, 318]
[330, 314, 316]
[329, 316, 316]
[330, 315, 312]
[328, 315, 314]
[327, 315, 316]
[328, 316, 316]
[330, 316, 315]
[332, 319, 318]
[331, 316, 315]
[329, 315, 313]
[327, 314, 315]
[326, 317, 316]
[330, 315, 317]
[329, 314, 313]
[329, 316, 318]
[333, 319, 317]
[325, 315, 317]
[326, 314, 315]
[328, 316, 318]
[330, 315, 314]
[328, 314, 314]
[328, 314, 317]
[328, 315, 317]
[333, 319, 319]
[330, 317, 316]
[332, 315, 316]
[330, 316, 317]
[330, 314, 314]
[329, 316, 316]
[330, 317, 316]
[328, 318, 317]
[326, 318, 314]
[329, 314, 316]
[329, 314, 316]
[329, 313, 316]
[330, 315, 315]
[329, 315, 314]
[334, 316, 314]
[328, 317, 316]
[330, 318, 316]
[332, 315, 315]
[329, 314, 317]
[326, 316, 316]
[327, 315, 316]
[332, 321, 316]
[330, 318, 316]
[330, 316, 315]
[330, 317, 313]
[328, 314, 315]
[327, 314, 314]
[328, 316, 316]
[330, 317, 314]
[333, 320, 316]
[328, 314, 314]
[327, 314, 318]
[328, 315, 317]
[331, 317, 315]
[330, 316, 313]
[326, 315, 314]
[327, 318, 316]
[330, 319, 319]
[328, 316, 319]
[330, 315, 317]
[333, 314, 317]
[329, 316, 314]
[326, 315, 318]
[328, 315, 317]
[330, 315, 316]
[333, 319, 317]
[331, 315, 318]
[332, 315, 314]
[324, 314, 315]
[326, 318, 317]
[329, 315, 314]
[332, 314, 315]
[330, 314, 315]
[327, 319, 316]
[327, 314, 316]
[329, 318, 315]
[328, 318, 316]
[331, 315, 315]
[329, 315, 316]
[329, 315, 316]
[330, 317, 318]
[328, 317, 316]
[328, 316, 314]
[330, 316, 317]
[328, 314, 316]
[329, 317, 316]
[330, 319, 315]
[330, 315, 315]
[330, 317, 314]
[330, 317, 315]
[329, 314, 316]
[326, 316, 315]
[330, 317, 316]
[329, 318, 314]
[329, 316, 314]
[330, 312, 316]
[328, 315, 318]
[328, 316, 316]
[327, 315, 314]
[331, 315, 314]
[328, 317, 313]
[329, 317, 316]
[328, 317, 316]
[330, 318, 315]
[332, 315, 316]
[327, 316, 315]
[327, 316, 315]
[329, 315, 316]
[331, 317, 318]
[334, 317, 317]
[325, 315, 313]
[324, 319, 318]
[325, 316, 314]
[328, 317, 316]
[328, 317, 315]
[332, 316, 315]
[331, 316, 316]
[330, 316, 316]
[330, 317, 318]
[330, 319, 317]
[329, 317, 318]
[329, 314, 316]
[329, 316, 317]
[335, 317, 315]
[325, 316, 314]
[330, 314, 314]
[329, 314, 315]
[329, 319, 318]
[327, 316, 314]
[328, 315, 317]
[330, 316, 316]
[330, 319, 316]
[329, 315, 314]
[328, 315, 316]
[328, 315, 318]
[329, 317, 318]
[330, 316, 316]
[330, 318, 315]
[331, 317, 315]
[327, 315, 315]
[326, 317, 315]
[327, 317, 317]
[330, 317, 315]
[329, 317, 315]
[330, 314, 315]
[329, 316, 314]
[327, 316, 317]
[331, 317, 316]
[331, 317, 314]
[327, 317, 313]
[332, 319, 315]
[332, 315, 316]
[329, 317, 315]
[331, 316, 316]
[326, 317, 316]
[326, 316, 317]
[329, 315, 316]
[328, 317, 316]
[335, 319, 316]
[329, 317, 316]
[330, 317, 316]
[328, 315, 315]
[327, 315, 316]
[328, 317, 317]
[332, 317, 315]
[331, 317, 318]
[337, 318, 316]
[327, 315, 314]
[327, 315, 316]
[327, 317, 315]
[331, 317, 316]
[333, 317, 316]
[330, 314, 315]
[329, 316, 317]
[333, 318, 318]
[330, 318, 317]
[330, 317, 316]
[330, 317, 314]
[328, 315, 316]
[330, 317, 318]
[329, 316, 317]
[331, 317, 317]
[331, 318, 316]
[330, 316, 314]
[330, 315, 318]
[329, 315, 316]
[330, 315, 316]
[330, 319, 316]
[330, 315, 316]
[329, 316, 313]
[328, 316, 318]
[328, 316, 317]
[329, 316, 315]
[329, 318, 315]
[332, 317, 315]
[332, 319, 316]
[329, 315, 317]
[331, 318, 317]
[326, 316, 315]
[329, 318, 315]
[332, 317, 316]
[328, 315, 316]
[328, 317, 317]
[329, 317, 315]
[332, 316, 315]
[332, 319, 315]
[330, 317, 313]
[329, 317, 314]
[331, 317, 317]
[330, 315, 317]
[328, 317, 318]
[329, 317, 315]
[327, 316, 315]
[331, 316, 322]
[329, 316, 319]
[329, 317, 316]
[330, 317, 317]
[331, 315, 316]
[328, 317, 319]
[331, 318, 317]
[330, 317, 320]
[334, 319, 317]
[331, 318, 315]
[334, 315, 315]
[328, 315, 316]
[328, 318, 315]
[329, 318, 317]
[331, 318, 317]
[328, 317, 315]
[331, 318, 319]
[334, 315, 317]
[328, 315, 315]
[329, 319, 316]
[331, 317, 314]
[330, 313, 316]
[328, 317, 317]
[329, 317, 315]
[332, 318, 321]
[332, 319, 317]
[331, 318, 316]
[328, 315, 318]
[326, 315, 317]
[328, 319, 315]
[332, 317, 317]
[330, 318, 315]
[330, 319, 319]
[329, 315, 314]
[329, 315, 318]
[328, 318, 318]
[332, 318, 317]
[331, 316, 315]
[333, 317, 315]
[333, 317, 316]
[332, 316, 317]
[326, 317, 316]
[326, 318, 315]
[333, 317, 315]
[329, 317, 315]
[328, 319, 317]
[328, 317, 315]
[330, 318, 317]
[333, 318, 318]
[332, 318, 315]
[331, 318, 314]
[329, 317, 317]
[330, 317, 317]
[331, 317, 317]
[331, 317, 317]
[335, 318, 315]
[330, 316, 318]
[327, 315, 317]
[329, 317, 318]
[330, 316, 316]
[331, 318, 318]
[330, 316, 316]
[325, 317, 315]
[329, 320, 318]
[327, 318, 318]
[328, 318, 317]
[327, 318, 315]
[328, 316, 316]
[325, 318, 317]
[327, 318, 317]
[324, 315, 317]
[326, 321, 320]
[324, 314, 317]
[324, 317, 319]
[329, 318, 317]
[330, 316, 316]
[329, 317, 315]
[327, 316, 317]
[327, 316, 318]
[325, 320, 321]
[324, 320, 318]
[324, 318, 317]
[324, 319, 315]
[321, 315, 315]
[323, 318, 316]
[321, 317, 316]
[327, 318, 319]
[328, 320, 321]
[331, 318, 315]
[334, 319, 317]
[330, 317, 314]
[336, 320, 317]
[337, 318, 318]
[343, 318, 315]
[338, 317, 315]
[342, 317, 313]
[343, 317, 317]
[343, 316, 315]
[331, 318, 317]
[334, 318, 317]
[330, 317, 315]
[330, 317, 317]
[337, 318, 316]
[335, 316, 318]
[338, 319, 318]
[340, 318, 319]
[339, 318, 316]
[334, 318, 313]
[334, 318, 317]
[339, 318, 318]
[341, 321, 320]
[340, 318, 316]
[344, 317, 317]
[338, 317, 315]
[334, 318, 319]
[338, 321, 318]
[332, 318, 315]
[333, 319, 317]
[334, 318, 320]
[331, 316, 317]
[336, 318, 316]
[337, 317, 317]
[338, 317, 317]
[340, 316, 316]
[339, 318, 318]
[345, 316, 318]
[348, 321, 317]
[328, 320, 319]
[329, 318, 315]
[331, 318, 317]
[331, 318, 318]
[333, 320, 318]
[340, 318, 317]
[340, 318, 315]
[341, 320, 319]
[342, 319, 315]
[335, 319, 317]
[336, 318, 317]
[329, 316, 316]
[327, 318, 317]
[322, 316, 317]
[322, 317, 320]
[326, 318, 318]
[326, 317, 316]
[332, 319, 317]
[330, 317, 315]
[329, 316, 316]
[339, 318, 316]
[337, 317, 318]
[339, 318, 316]
[339, 317, 315]
[331, 318, 318]
[328, 320, 318]
[342, 318, 319]
[344, 317, 317]
[343, 319, 318]
[329, 320, 317]
[326, 317, 318]
[332, 316, 317]
[331, 317, 319]
[343, 319, 317]
[343, 319, 316]
[342, 319, 316]
[334, 317, 316]
[341, 320, 322]
[333, 317, 318]
[335, 317, 318]
[334, 318, 319]
[336, 318, 316]
[334, 316, 317]
[331, 318, 317]
[333, 320, 317]
[336, 318, 319]
[337, 318, 318]
[330, 318, 318]
[329, 316, 317]
[328, 317, 318]
[328, 318, 319]
[322, 318, 316]
[321, 316, 318]
[328, 321, 321]
[321, 318, 318]
[319, 318, 318]
[323, 322, 317]
[323, 318, 315]
[321, 318, 317]
[323, 318, 319]
[321, 320, 317]
[326, 320, 320]
[323, 318, 317]
[328, 318, 317]
[328, 318, 316]
[326, 316, 315]
[329, 318, 318]
[330, 318, 316]
[330, 316, 317]
[330, 319, 316]
[332, 316, 316]
[329, 316, 318]
[329, 318, 318]
[328, 318, 317]
[330, 318, 317]
[331, 317, 316]
[331, 317, 319]
[328, 316, 317]
[328, 317, 318]
[330, 318, 320]
[328, 317, 318]
[321, 319, 317]
[321, 316, 317]
[323, 318, 318]
[328, 318, 318]
[323, 318, 317]
[338, 318, 318]
[334, 320, 316]
[335, 315, 318]
[334, 317, 319]
[340, 319, 319]
[339, 318, 317]
[341, 318, 320]
[335, 316, 317]
[337, 321, 316]
[334, 317, 316]
[333, 318, 318]
[342, 318, 319]
[343, 318, 317]
[335, 316, 317]
[337, 320, 318]
[335, 320, 317]
[325, 318, 317]
[327, 319, 315]
[340, 316, 318]
[338, 318, 318]
[332, 318, 318]
[334, 318, 318]
[338, 321, 319]
[336, 316, 317]
[338, 318, 318]
[338, 320, 317]
[341, 318, 318]
[343, 319, 316]
[343, 316, 317]
[340, 320, 319]
[338, 321, 322]
[337, 316, 318]
[337, 318, 317]
[335, 318, 316]
[336, 319, 316]
[334, 317, 316]
[330, 318, 318]
[333, 319, 318]
[335, 318, 319]
[336, 318, 318]
[335, 318, 318]
[347, 320, 316]
[348, 319, 320]
[343, 319, 317]
[345, 319, 320]
[341, 319, 316]
[340, 319, 316]
[351, 321, 317]
[352, 320, 321]
[353, 320, 321]
[356, 320, 316]
[354, 318, 316]
[366, 320, 318]
[364, 322, 318]
[369, 323, 318]
[368, 321, 318]
[369, 321, 318]
[365, 321, 316]
[366, 321, 318]
[352, 320, 318]
[354, 321, 318]
[347, 321, 319]
[348, 319, 317]
[345, 317, 316]
[344, 318, 317]
[348, 320, 318]
[345, 319, 317]
[340, 319, 320]
[345, 320, 321]
[347, 318, 318]
[347, 318, 318]
[335, 321, 317]
[335, 318, 315]
[332, 319, 316]
[327, 317, 320]
[329, 318, 317]
[340, 322, 318]
[340, 319, 318]
[340, 319, 316]
[340, 320, 320]
[339, 318, 318]
[342, 319, 319]
[341, 319, 316]
[337, 316, 316]
[336, 318, 320]
[330, 318, 317]
[328, 319, 320]
[325, 318, 318]
[326, 319, 318]
[325, 318, 316]
[324, 320, 318]
[320, 317, 317]
[320, 316, 321]
[322, 318, 318]
[321, 318, 318]
[322, 320, 316]
[322, 317, 320]
[326, 316, 318]
[321, 318, 319]
[324, 319, 318]
[322, 318, 315]
[320, 316, 317]
[319, 319, 317]
[322, 317, 318]
[320, 317, 318]
[323, 318, 317]
[323, 316, 317]
[325, 319, 318]
[321, 316, 316]
[322, 316, 318]
[324, 318, 317]
[324, 319, 318]
[323, 318, 317]
[322, 316, 318]
[321, 317, 317]
[325, 321, 315]
[323, 319, 318]
[324, 318, 318]
[325, 318, 316]
[321, 315, 318]
[320, 319, 317]
[321, 318, 318]
[322, 319, 318]
[322, 321, 320]
[322, 318, 318]
[323, 318, 317]
[321, 319, 318]
[322, 317, 317]
[324, 319, 318]
[324, 316, 316]
[323, 316, 316]
[322, 318, 321]
[321, 316, 318]
[323, 318, 318]
[322, 318, 321]
[323, 318, 316]
[321, 316, 318]
[322, 316, 318]
[320, 320, 318]
[322, 321, 322]
[322, 320, 318]
[322, 317, 318]
[323, 317, 318]
[324, 316, 320]
[322, 317, 318]
[323, 319, 321]
[325, 319, 318]
[323, 320, 323]
[323, 317, 319]
[323, 318, 317]
[321, 316, 316]
[320, 316, 318]
[321, 322, 319]
[322, 318, 317]
[322, 318, 317]
[321, 315, 319]
[323, 318, 318]
[321, 317, 318]
[319, 320, 318]
[321, 319, 318]
[321, 318, 316]
[321, 318, 316]
[325, 316, 317]
[322, 320, 318]
[320, 320, 317]
[322, 321, 318]
[320, 318, 318]
[322, 319, 322]
[324, 316, 318]
[322, 320, 318]
[326, 320, 318]
[322, 319, 318]
[322, 318, 316]
[324, 318, 316]
[322, 316, 319]
[320, 318, 318]
[323, 318, 316]
[322, 319, 317]
[327, 322, 316]
[321, 318, 318]
[324, 316, 319]
[321, 317, 318]
[322, 318, 316]
[323, 317, 316]
[319, 318, 318]
[320, 317, 319]
[325, 321, 322]
[320, 317, 318]
[322, 317, 319]
[324, 316, 317]
[320, 318, 320]
[321, 319, 317]
[321, 317, 318]
[325, 318, 321]
[323, 321, 320]
[323, 318, 316]
[323, 316, 316]
[322, 318, 316]
[322, 318, 319]
[323, 317, 318]
[322, 319, 315]
[322, 318, 316]
[323, 319, 320]
[320, 318, 318]
[322, 317, 319]
[321, 316, 319]
[323, 315, 316]
[321, 315, 318]
[320, 317, 318]
[322, 318, 318]
[322, 319, 318]
[321, 318, 318]
[323, 318, 316]
[320, 317, 317]
[319, 318, 316]
[320, 318, 318]
[321, 319, 317]
[324, 319, 318]
[323, 319, 318]
[324, 318, 317]
[321, 316, 316]
[322, 316, 317]
[322, 317, 317]
[320, 318, 318]
[323, 318, 318]
[325, 321, 320]
[320, 317, 320]
[321, 318, 318]
[320, 318, 318]
[324, 319, 318]
[325, 317, 317]
[319, 317, 318]
[321, 318, 319]
[323, 320, 321]
[321, 318, 318]
[325, 318, 318]
[321, 316, 317]
[320, 320, 318]
[321, 318, 318]
[321, 318, 320]
[322, 319, 318]
[325, 321, 318]
[323, 318, 317]
[322, 316, 319]
[321, 316, 318]
[322, 317, 320]
[322, 318, 316]
[319, 318, 318]
[321, 318, 316]
[324, 320, 320]
[322, 320, 319]
[320, 317, 319]
[322, 318, 319]
[323, 318, 317]
[322, 318, 316]
[322, 316, 320]
[324, 318, 319]
[323, 320, 319]
[322, 318, 317]
[322, 318, 317]
[321, 318, 318]
[320, 317, 318]
[320, 318, 318]
[325, 319, 318]
[323, 318, 316]
[321, 317, 317]
[319, 320, 317]
[320, 319, 318]
[323, 318, 318]
[323, 318, 316]
[321, 319, 316]
[322, 318, 318]
[318, 316, 318]
[322, 316, 318]
[319, 318, 320]
[322, 317, 318]
[323, 319, 318]
[318, 317, 316]
[322, 316, 317]
[321, 316, 317]
[323, 320, 321]
[323, 318, 319]
[320, 317, 319]
[323, 319, 316]
[320, 317, 319]
[322, 319, 319]
[322, 318, 318]
[322, 316, 316]
[324, 318, 321]
[320, 318, 318]
[320, 317, 318]
[322, 319, 318]
[323, 318, 317]
[321, 316, 318]
[322, 317, 318]
[324, 318, 317]
[322, 322, 320]
[322, 320, 319]
[322, 319, 318]
[322, 318, 318]
[322, 317, 318]
[323, 318, 319]
[320, 317, 317]
[322, 318, 318]
[325, 321, 321]
[322, 318, 318]
[324, 318, 316]
[322, 318, 318]
[320, 318, 318]
[322, 319, 318]
[322, 318, 318]
[321, 316, 318]
[321, 319, 320]
[322, 318, 319]
[323, 319, 318]
[320, 319, 319]
[323, 321, 318]
[319, 318, 315]
[318, 318, 316]
[322, 317, 318]
[322, 320, 320]
[322, 319, 318]
[321, 319, 316]
[321, 316, 316]
[320, 317, 319]
[323, 318, 317]
[323, 318, 317]
[327, 319, 315]
[322, 318, 316]
[322, 319, 317]
[321, 318, 317]
[320, 318, 322]
[322, 317, 318]
[322, 319, 318]
[319, 316, 316]
[323, 320, 318]
[320, 317, 318]
[321, 316, 320]
[322, 318, 319]
[322, 317, 319]
[324, 318, 317]
[320, 317, 319]
[321, 320, 318]
[323, 321, 315]
[324, 318, 320]
[323, 318, 316]
[324, 317, 318]
[320, 319, 318]
[322, 319, 318]
[323, 318, 318]
[324, 317, 322]
[325, 320, 322]
[322, 317, 316]
[323, 317, 318]
[322, 319, 319]
[321, 321, 321]
[322, 319, 318]
[322, 318, 317]
[321, 316, 316]
[321, 322, 318]
[322, 317, 318]
[320, 318, 318]
[322, 319, 319]
[325, 319, 316]
[321, 316, 320]
[321, 318, 319]
[321, 321, 319]
[322, 321, 321]
[322, 319, 316]
[323, 318, 316]
[321, 318, 317]
[322, 318, 317]
[321, 318, 319]
[324, 318, 318]
[322, 317, 319]
[322, 320, 320]
[321, 318, 317]
[318, 318, 318]
[320, 316, 319]
[320, 318, 319]
[323, 318, 320]
[322, 316, 318]
[323, 319, 318]
[323, 316, 318]
[320, 316, 321]
[324, 318, 318]
[325, 318, 318]
[325, 317, 318]
[322, 318, 322]
[323, 319, 318]
[325, 321, 318]
[321, 318, 317]
[322, 318, 317]
[325, 316, 317]
[321, 316, 318]
[321, 320, 318]
[320, 317, 318]
[322, 321, 318]
[324, 318, 319]
[321, 318, 316]
[323, 319, 317]
[323, 318, 318]
[322, 319, 318]
[320, 316, 318]
[320, 319, 318]
[320, 318, 318]
[328, 318, 319]
[319, 318, 318]
[323, 319, 318]
[321, 321, 317]
[322, 319, 318]
[320, 318, 316]
[319, 318, 319]
[326, 317, 318]
[322, 321, 319]
[320, 319, 319]
[324, 318, 318]
[322, 317, 318]
[320, 316, 316]
[320, 318, 318]
[321, 319, 317]
[323, 319, 319]
[321, 319, 320]
[320, 318, 319]
[323, 318, 317]
[323, 316, 320]
[323, 318, 319]
[320, 318, 321]
[320, 319, 318]
[321, 318, 317]
[321, 316, 320]
[320, 318, 321]
[323, 316, 318]
[322, 319, 318]
[323, 316, 317]
[321, 316, 318]
[322, 318, 320]
[326, 316, 318]
[321, 318, 318]
[322, 319, 318]
[321, 320, 318]
[322, 321, 316]
[321, 317, 317]
[320, 317, 322]
[322, 319, 318]
[323, 322, 318]
[321, 318, 316]
[320, 318, 317]
[319, 317, 317]
[322, 317, 319]
[323, 317, 318]
[322, 316, 318]
[321, 316, 316]
[322, 320, 321]
[322, 320, 318]
[321, 318, 319]
[325, 319, 318]
[322, 319, 317]
[321, 318, 318]
[323, 320, 318]
[322, 318, 318]
[324, 322, 318]
[322, 319, 320]
[324, 319, 319]
[322, 315, 318]
[323, 316, 318]
[322, 321, 318]
[321, 319, 318]
[320, 317, 315]
[322, 320, 321]
[322, 316, 316]
[321, 317, 318]
[322, 318, 318]
[321, 319, 318]
[323, 318, 317]
[323, 317, 318]
[320, 318, 318]
[318, 319, 320]
[320, 318, 319]
[321, 318, 318]
[322, 320, 319]
[323, 317, 320]
[323, 318, 320]
[323, 317, 317]
[320, 318, 321]
[326, 317, 319]
[322, 318, 315]
[324, 320, 317]
[322, 317, 319]
[324, 318, 321]
[322, 318, 318]
[324, 316, 317]
[321, 317, 316]
[320, 318, 317]
[322, 317, 319]
[321, 319, 319]
[322, 318, 318]
[322, 319, 317]
[321, 316, 318]
[321, 317, 318]
[322, 320, 318]
[323, 318, 318]
[323, 318, 316]
[323, 317, 318]
[321, 318, 316]
[320, 317, 317]
[320, 319, 318]
[321, 318, 319]
[323, 320, 319]
[323, 316, 315]
[321, 318, 316]
[319, 318, 317]
[320, 319, 321]
[325, 318, 318]
[323, 321, 317]
[321, 316, 319]
[324, 321, 321]
[320, 318, 317]
[324, 319, 319]
[323, 318, 319]
[323, 318, 316]
[320, 316, 319]
[321, 318, 318]
[321, 320, 318]
[325, 320, 320]
[321, 319, 318]
[324, 320, 316]
[322, 316, 318]
[319, 320, 320]
[322, 319, 320]
[322, 319, 318]
[320, 317, 316]
[320, 317, 321]
[322, 318, 320]
[318, 316, 319]
[320, 318, 320]
[322, 319, 317]
[323, 318, 319]
[322, 317, 318]
[323, 320, 320]
[322, 316, 319]
[322, 319, 318]
[326, 318, 317]
[321, 318, 317]
[324, 316, 317]
[319, 317, 319]
[322, 320, 318]
[322, 316, 318]
[321, 319, 317]
[322, 318, 317]
[322, 316, 318]
[323, 317, 319]
[321, 321, 318]
[321, 318, 318]
[322, 317, 318]
[324, 315, 317]
[319, 318, 317]
[321, 320, 319]
[323, 319, 318]
[323, 318, 318]
[322, 317, 318]
[320, 320, 318]
[321, 318, 318]
[322, 322, 321]
[322, 319, 318]
[321, 318, 318]
[321, 319, 318]
[322, 318, 316]
[322, 316, 318]
[320, 318, 319]
[324, 317, 318]
[325, 321, 318]
[322, 319, 315]
[321, 318, 318]
[321, 317, 317]
[322, 319, 318]
[323, 319, 317]
[323, 317, 317]
[319, 316, 316]
[320, 319, 320]
[320, 319, 319]
[321, 319, 318]
[321, 319, 316]
[323, 318, 316]
[321, 317, 318]
[322, 320, 319]
[321, 317, 320]
[322, 321, 320]
[321, 318, 319]
[325, 318, 318]
[323, 318, 317]
[318, 318, 318]
[322, 318, 319]
[323, 317, 318]
[321, 317, 316]
[323, 316, 320]
[324, 317, 316]
[320, 317, 317]
[321, 317, 318]
[323, 316, 318]
[322, 317, 318]
[320, 318, 316]
[323, 317, 318]
[320, 316, 318]
[320, 320, 319]
[321, 319, 318]
[321, 318, 318]
[322, 316, 319]
[322, 320, 318]
[320, 318, 319]
[323, 322, 317]
[322, 319, 318]
[322, 318, 317]
[319, 317, 319]
[320, 317, 321]
[322, 319, 318]
[324, 319, 318]
[322, 317, 317]
[323, 322, 319]
[320, 317, 318]
[320, 316, 320]
[321, 319, 317]
[321, 319, 317]
[323, 321, 318]
[321, 317, 318]
[322, 317, 320]
[325, 320, 322]
[324, 317, 319]
[320, 317, 317]
[322, 319, 319]
[321, 319, 316]
[322, 318, 318]
[321, 316, 318]
[323, 318, 317]
[328, 318, 319]
[322, 316, 320]
[322, 317, 318]
[322, 320, 321]
[322, 319, 318]
[322, 318, 319]
[324, 318, 317]
[323, 317, 318]
[323, 318, 321]
[321, 318, 318]
[321, 320, 319]
[321, 318, 319]
[326, 319, 319]
[322, 316, 315]
[320, 317, 318]
[321, 317, 319]
[320, 317, 320]
[321, 319, 318]
[323, 318, 318]
[323, 317, 318]
[322, 319, 317]
[322, 318, 316]
[319, 318, 316]
[322, 316, 318]
[321, 319, 318]
[320, 318, 318]
[322, 319, 317]
[324, 319, 317]
[320, 319, 318]
[320, 317, 319]
[322, 319, 318]
[321, 318, 321]
[322, 320, 318]
[322, 319, 318]
[323, 319, 317]
[321, 318, 316]
[322, 318, 319]
[324, 318, 317]
[323, 321, 318]
[322, 316, 315]
[322, 318, 316]
[321, 318, 318]
[321, 320, 318]
[322, 319, 319]
[320, 319, 316]
[321, 317, 316]
[322, 319, 321]
[321, 316, 320]
[321, 316, 318]
[325, 319, 319]
[322, 317, 318]
[322, 318, 317]
[322, 318, 317]
[322, 317, 320]
[326, 321, 321]
[320, 318, 320]
[325, 317, 316]
[323, 317, 319]
[321, 318, 318]
[321, 317, 318]
[323, 319, 316]
[320, 319, 318]
[324, 319, 320]
[319, 317, 316]
[322, 316, 316]
[320, 317, 318]
[322, 318, 318]
[320, 317, 318]
[324, 321, 318]
[321, 316, 318]
[322, 316, 321]
[322, 318, 318]
[321, 318, 319]
[322, 318, 318]
[322, 317, 318]
[320, 320, 318]
[320, 316, 317]
[326, 317, 318]
[323, 319, 316]
[323, 319, 317]
[321, 317, 318]
[321, 322, 319]
[321, 318, 318]
[323, 317, 319]
[322, 317, 318]
[322, 323, 317]
[321, 316, 320]
[321, 318, 319]
[322, 319, 318]
[322, 321, 318]
[321, 319, 317]
[318, 318, 317]
[322, 317, 318]
[325, 322, 319]
[324, 319, 318]
[323, 317, 318]
[322, 316, 318]
[319, 316, 316]
[320, 318, 318]
[321, 318, 318]
[322, 318, 316]
[322, 322, 318]
[320, 317, 318]
[321, 316, 320]
[321, 316, 318]
[322, 317, 318]
[325, 318, 318]
[321, 318, 317]
[321, 316, 318]
[321, 321, 320]
[321, 317, 318]
[323, 318, 318]
[323, 318, 316]
[326, 317, 318]
[320, 317, 316]
[320, 318, 317]
[320, 319, 321]
[321, 321, 319]
[323, 319, 318]
[323, 318, 317]
[321, 318, 316]
[321, 316, 317]
[322, 318, 318]
[323, 319, 316]
[321, 316, 318]
[326, 317, 320]
[320, 316, 318]
[318, 316, 318]
[322, 319, 318]
[322, 319, 317]
[322, 320, 316]
[321, 316, 318]
[322, 318, 316]
[320, 318, 318]
[322, 318, 317]
[323, 320, 318]
[322, 319, 318]
[322, 317, 316]
[321, 319, 319]
[320, 318, 318]
[326, 319, 318]
[322, 317, 316]
[321, 316, 319]
[322, 317, 319]
[323, 320, 317]
[322, 317, 315]
[322, 320, 316]
[322, 320, 318]
[324, 320, 320]
[320, 318, 318]
[321, 318, 319]
[324, 319, 318]
[321, 318, 316]
[322, 319, 317]
[320, 319, 317]
[322, 319, 321]
[325, 322, 321]
[322, 318, 318]
[321, 318, 316]
[321, 319, 320]
[322, 317, 318]
[321, 319, 321]
[324, 318, 318]
[324, 317, 319]
[327, 321, 320]
[320, 317, 317]
[320, 321, 318]
[321, 317, 318]
[321, 317, 319]
[321, 318, 318]
[323, 318, 318]
[322, 317, 318]
[321, 320, 322]
[321, 321, 318]
[321, 318, 319]
[325, 319, 320]
[322, 317, 316]
[321, 320, 317]
[322, 317, 318]
[321, 321, 317]
[322, 317, 318]
[322, 318, 319]
[323, 318, 315]
[322, 318, 318]
[323, 319, 317]
[322, 320, 316]
[320, 315, 316]
[325, 318, 318]
[320, 316, 321]
[319, 317, 318]
[321, 317, 316]
[321, 319, 316]
[322, 319, 317]
[320, 317, 317]
[322, 317, 318]
[324, 317, 318]
[322, 318, 318]
[324, 318, 316]
[320, 318, 316]
[321, 317, 316]
[321, 318, 320]
[322, 318, 318]
[321, 317, 315]
[325, 318, 321]
[322, 319, 318]
[320, 318, 316]
[321, 317, 319]
[324, 319, 317]
[325, 318, 318]
