[513, 506, 504]
[515, 505, 505]
[513, 504, 504]
[514, 506, 505]
[513, 505, 506]
[513, 506, 507]
[513, 504, 507]
[597, 531, 512]
[515, 507, 508]
[512, 505, 506]
[512, 506, 506]
[512, 508, 507]
[513, 505, 505]
[512, 507, 507]
[511, 506, 508]
[513, 507, 508]
[512, 506, 505]
[512, 506, 507]
[512, 506, 506]
[513, 506, 507]
[513, 507, 507]
[513, 509, 506]
[512, 508, 507]
[512, 506, 507]
[513, 507, 508]
[513, 505, 505]
[513, 508, 506]
[512, 507, 506]
[513, 506, 505]
[514, 508, 508]
[516, 507, 508]
[512, 506, 506]
[512, 505, 507]
[512, 504, 505]
[513, 505, 507]
[514, 505, 505]
[513, 506, 507]
[513, 507, 505]
[513, 507, 506]
[513, 507, 509]
[513, 506, 508]
[512, 505, 506]
[511, 506, 506]
[514, 507, 508]
[512, 506, 507]
[515, 507, 507]
[513, 505, 505]
[512, 504, 506]
[511, 506, 505]
[511, 505, 506]
[514, 505, 505]
[514, 508, 506]
[511, 506, 506]
[512, 510, 505]
[512, 506, 505]
[516, 507, 507]
[512, 506, 505]
[513, 505, 505]
[512, 507, 507]
[514, 505, 505]
[515, 506, 507]
[514, 507, 507]
[512, 507, 505]
[511, 505, 505]
[513, 505, 507]
[513, 504, 504]
[513, 507, 505]
[512, 505, 506]
[512, 510, 505]
[511, 506, 506]
[512, 507, 506]
[513, 505, 508]
[514, 505, 506]
[513, 508, 505]
[515, 505, 505]
[515, 505, 507]
[515, 506, 505]
[512, 505, 505]
[512, 508, 505]
[514, 506, 507]
[514, 506, 504]
[513, 507, 504]
[514, 506, 506]
[512, 507, 506]
[512, 507, 505]
[512, 506, 506]
[513, 505, 508]
[512, 507, 506]
[514, 507, 506]
[513, 506, 505]
[515, 506, 506]
[513, 506, 506]
[513, 507, 505]
[513, 507, 506]
[513, 507, 504]
[513, 506, 508]
[513, 507, 505]
[513, 506, 506]
[513, 508, 505]
[512, 506, 507]
[515, 506, 505]
[512, 506, 507]
[513, 506, 506]
[512, 508, 506]
[512, 505, 505]
[515, 506, 507]
[512, 506, 507]
[513, 507, 506]
[510, 509, 505]
[512, 510, 506]
[513, 507, 506]
[513, 505, 507]
[513, 504, 505]
[514, 506, 506]
[514, 505, 505]
[515, 506, 506]
[512, 505, 506]
[512, 507, 506]
[512, 507, 506]
[512, 505, 507]
[515, 506, 505]
[512, 505, 506]
[514, 508, 505]
[515, 507, 505]
[512, 505, 505]
[514, 506, 506]
[512, 504, 505]
[514, 505, 509]
[514, 507, 505]
[514, 505, 506]
[516, 506, 506]
[514, 506, 504]
[514, 505, 505]
[513, 507, 505]
[512, 505, 505]
[514, 507, 506]
[512, 506, 505]
[512, 507, 504]
[513, 506, 505]
[512, 505, 504]
[513, 507, 505]
[515, 506, 505]
[512, 505, 508]
[516, 508, 506]
[512, 505, 505]
[513, 506, 506]
[514, 506, 506]
[512, 507, 505]
[511, 510, 504]
[512, 506, 505]
[513, 508, 505]
[512, 506, 508]
[512, 506, 506]
[513, 508, 505]
[514, 506, 506]
[512, 505, 505]
[514, 506, 505]
[512, 507, 505]
[513, 509, 507]
[511, 506, 507]
[512, 505, 505]
[512, 506, 508]
[514, 507, 504]
[513, 508, 506]
[512, 508, 505]
[512, 508, 505]
[512, 506, 508]
[512, 505, 507]
[512, 507, 508]
[511, 505, 506]
[515, 505, 507]
[512, 505, 507]
[512, 506, 506]
[513, 507, 506]
[512, 506, 506]
[512, 505, 507]
[513, 507, 506]
[511, 505, 505]
[514, 506, 506]
[512, 506, 506]
[512, 506, 506]
[513, 506, 507]
[514, 504, 506]
[513, 507, 509]
[515, 505, 505]
[514, 505, 505]
[513, 506, 507]
[511, 506, 506]
[512, 505, 505]
[511, 506, 506]
[512, 504, 506]
[513, 506, 506]
[513, 506, 504]
[513, 508, 505]
[515, 505, 504]
[513, 505, 505]
[512, 507, 509]
[515, 505, 505]
[513, 507, 507]
[512, 505, 508]
[513, 505, 504]
[514, 505, 506]
[514, 507, 504]
[513, 507, 505]
[513, 508, 505]
[513, 507, 504]
[515, 506, 506]
[515, 506, 506]
[511, 507, 506]
[511, 506, 508]
[515, 507, 506]
[512, 507, 509]
[516, 508, 505]
[513, 505, 505]
[513, 506, 506]
[514, 507, 505]
[512, 506, 508]
[514, 506, 506]
[515, 505, 506]
[514, 506, 505]
[513, 509, 505]
[512, 507, 508]
[512, 505, 507]
[514, 507, 506]
[512, 506, 507]
[514, 507, 507]
[512, 506, 506]
[516, 506, 505]
[513, 508, 505]
[514, 506, 504]
[513, 507, 508]
[513, 506, 507]
[515, 508, 506]
[512, 506, 506]
[513, 507, 507]
[513, 507, 507]
[511, 509, 508]
[513, 505, 508]
[513, 507, 507]
[511, 506, 507]
[513, 505, 505]
[511, 505, 508]
[514, 507, 507]
[513, 508, 507]
[513, 507, 506]
[512, 509, 507]
[512, 506, 510]
[514, 507, 505]
[513, 506, 505]
[512, 506, 506]
[514, 506, 506]
[512, 506, 506]
[515, 508, 508]
[515, 504, 505]
[512, 505, 510]
[513, 505, 505]
[511, 505, 505]
[516, 505, 506]
[515, 505, 506]
[513, 506, 506]
[512, 508, 505]
[517, 509, 510]
[516, 505, 505]
[514, 507, 504]
[513, 505, 505]
[515, 505, 507]
[517, 506, 505]
[515, 505, 505]
[515, 508, 505]
[517, 509, 509]
[515, 507, 506]
[513, 504, 505]
[515, 505, 505]
[513, 505, 505]
[513, 505, 506]
[512, 508, 506]
[513, 504, 505]
[518, 511, 508]
[512, 505, 506]
[514, 506, 505]
[513, 507, 506]
[516, 506, 506]
[512, 506, 507]
[512, 507, 505]
[512, 505, 504]
[519, 513, 509]
[512, 506, 506]
[515, 506, 504]
[513, 506, 504]
[513, 506, 504]
[514, 505, 505]
[514, 505, 505]
[513, 506, 504]
[518, 508, 513]
[513, 505, 505]
[513, 506, 507]
[516, 505, 506]
[515, 504, 507]
[515, 506, 507]
[512, 506, 506]
[513, 507, 505]
[516, 510, 511]
[513, 505, 505]
[514, 507, 507]
[513, 506, 505]
[515, 508, 505]
[514, 505, 505]
[514, 506, 505]
[513, 505, 508]
[520, 510, 507]
[513, 507, 506]
[515, 505, 505]
[512, 507, 505]
[518, 507, 504]
[516, 506, 506]
[512, 506, 504]
[514, 505, 505]
[518, 511, 511]
[513, 507, 507]
[512, 506, 505]
[511, 506, 504]
[513, 505, 505]
[513, 506, 506]
[513, 505, 506]
[518, 510, 506]
[515, 509, 511]
[512, 507, 506]
[512, 507, 505]
[512, 506, 508]
[513, 507, 505]
[513, 507, 505]
[513, 506, 506]
[512, 506, 505]
[511, 510, 513]
[514, 505, 505]
[512, 508, 505]
[513, 507, 506]
[514, 507, 507]
[511, 505, 508]
[516, 507, 507]
[511, 505, 506]
[513, 506, 508]
[512, 506, 505]
[512, 505, 507]
[513, 507, 505]
[511, 506, 505]
[510, 507, 505]
[512, 505, 505]
[511, 507, 508]
[513, 503, 507]
[512, 505, 506]
[512, 506, 508]
[516, 506, 506]
[514, 504, 507]
[514, 507, 506]
[511, 507, 505]
[512, 506, 506]
[513, 507, 506]
[514, 505, 506]
[514, 508, 505]
[513, 507, 504]
[513, 504, 504]
[514, 505, 504]
[512, 505, 506]
[515, 506, 506]
[513, 504, 505]
[512, 505, 506]
[515, 505, 505]
[515, 505, 507]
[516, 506, 506]
[513, 507, 506]
[511, 506, 506]
[512, 506, 505]
[512, 505, 507]
[515, 505, 505]
[512, 506, 504]
[512, 505, 504]
[513, 507, 505]
[513, 506, 506]
[512, 504, 506]
[514, 505, 505]
[513, 507, 507]
[514, 506, 505]
[513, 506, 507]
[515, 505, 505]
[513, 507, 506]
[513, 507, 506]
[512, 510, 505]
[513, 506, 504]
[516, 506, 505]
[513, 505, 506]
[513, 507, 505]
[513, 507, 507]
[513, 505, 506]
[514, 506, 507]
[515, 506, 506]
[515, 510, 510]
[513, 507, 508]
[511, 506, 508]
[513, 506, 505]
[513, 508, 507]
[513, 506, 505]
[513, 512, 505]
[513, 506, 507]
[512, 506, 506]
[512, 506, 505]
[512, 506, 506]
[514, 506, 508]
[517, 507, 506]
[515, 507, 506]
[514, 508, 505]
[512, 506, 506]
[513, 508, 505]
[511, 506, 506]
[515, 505, 505]
[512, 508, 505]
[513, 505, 505]
[512, 509, 505]
[513, 507, 505]
[514, 506, 506]
[513, 506, 506]
[512, 506, 506]
[513, 506, 506]
[515, 506, 506]
[517, 505, 506]
[512, 506, 506]
[512, 508, 505]
[512, 507, 506]
[513, 508, 507]
[513, 507, 507]
[511, 507, 505]
[511, 506, 506]
[512, 508, 506]
[511, 506, 505]
[513, 509, 505]
[512, 507, 508]
[512, 507, 507]
[513, 506, 507]
[512, 506, 507]
[513, 505, 505]
[514, 506, 506]
[511, 506, 505]
[511, 509, 505]
[512, 506, 505]
[513, 506, 508]
[512, 508, 506]
[512, 506, 507]
[513, 505, 505]
[512, 507, 506]
[512, 506, 505]
[513, 506, 508]
[513, 505, 505]
[513, 507, 506]
[512, 505, 506]
[513, 506, 506]
[515, 505, 508]
[512, 508, 505]
[512, 509, 506]
[511, 507, 507]
[513, 507, 506]
[511, 506, 508]
[511, 505, 506]
[512, 506, 505]
[513, 504, 504]
[514, 506, 507]
[511, 505, 508]
[514, 505, 505]
[513, 506, 507]
[513, 505, 505]
[513, 504, 506]
[513, 506, 508]
[516, 507, 506]
[513, 506, 506]
[511, 510, 506]
[511, 505, 506]
[511, 505, 508]
[513, 505, 509]
[512, 505, 506]
[513, 506, 507]
[513, 505, 505]
[512, 505, 510]
[513, 507, 506]
[513, 506, 506]
[511, 505, 506]
[511, 506, 505]
[512, 506, 507]
[514, 506, 504]
[514, 505, 506]
[512, 505, 505]
[513, 508, 505]
[512, 506, 504]
[515, 506, 507]
[514, 505, 507]
[512, 505, 505]
[515, 507, 504]
[515, 504, 507]
[515, 506, 505]
[512, 506, 506]
[511, 504, 505]
[512, 507, 506]
[513, 504, 507]
[514, 507, 505]
[513, 506, 504]
[515, 505, 504]
[514, 505, 505]
[512, 506, 507]
[513, 506, 507]
[514, 505, 506]
[512, 506, 506]
[513, 507, 504]
[513, 506, 507]
[516, 505, 505]
[512, 506, 504]
[513, 506, 504]
[513, 510, 504]
[513, 505, 505]
[516, 508, 504]
[514, 507, 505]
[512, 506, 506]
[515, 506, 505]
[513, 507, 504]
[516, 507, 508]
[514, 505, 506]
[513, 505, 508]
[513, 507, 504]
[513, 507, 507]
[515, 506, 506]
[515, 507, 505]
[512, 506, 505]
[513, 509, 505]
[513, 506, 505]
[513, 506, 507]
[513, 506, 504]
[513, 505, 505]
[514, 509, 506]
[514, 505, 505]
[514, 508, 504]
[515, 508, 505]
[513, 505, 507]
[515, 506, 506]
[514, 505, 506]
[514, 507, 506]
[514, 508, 505]
[512, 506, 506]
[512, 508, 505]
[513, 505, 506]
[513, 506, 506]
[514, 507, 505]
[513, 506, 505]
[513, 507, 507]
[513, 505, 505]
[513, 506, 507]
[513, 506, 507]
[514, 506, 505]
[514, 505, 505]
[512, 505, 505]
[513, 506, 506]
[513, 508, 508]
[513, 506, 506]
[513, 507, 505]
[513, 507, 505]
[513, 506, 506]
[514, 507, 507]
[514, 507, 505]
[513, 508, 508]
[515, 506, 505]
[514, 507, 505]
[514, 506, 507]
[514, 509, 506]
[513, 507, 506]
[513, 507, 508]
[513, 505, 505]
[513, 507, 505]
[511, 506, 506]
[515, 506, 506]
[512, 506, 506]
[513, 507, 507]
[511, 505, 507]
[515, 506, 507]
[513, 506, 506]
[514, 506, 506]
[513, 506, 505]
[511, 505, 508]
[512, 506, 507]
[511, 506, 505]
[512, 506, 507]
[512, 506, 507]
[512, 506, 507]
[512, 505, 506]
[513, 507, 506]
[514, 506, 506]
[512, 506, 505]
[512, 507, 510]
[515, 506, 506]
[511, 505, 508]
[513, 504, 504]
[512, 504, 505]
[514, 505, 504]
[516, 508, 505]
[514, 507, 506]
[512, 505, 506]
[514, 505, 506]
[512, 506, 507]
[516, 506, 504]
[513, 505, 505]
[513, 507, 507]
[518, 507, 504]
[513, 506, 506]
[512, 508, 504]
[513, 505, 506]
[513, 506, 508]
[513, 507, 506]
[512, 505, 507]
[512, 507, 506]
[512, 507, 507]
[512, 506, 505]
[514, 508, 505]
[513, 507, 507]
[516, 505, 507]
[514, 507, 505]
[511, 505, 507]
[513, 505, 505]
[514, 505, 507]
[513, 505, 505]
[513, 510, 505]
[511, 505, 506]
[513, 508, 508]
[511, 505, 509]
[513, 505, 505]
[512, 505, 507]
[514, 504, 506]
[512, 506, 508]
[511, 507, 506]
[512, 504, 508]
[514, 506, 506]
[513, 505, 506]
[513, 506, 506]
[514, 508, 507]
[513, 506, 505]
[512, 507, 505]
[514, 505, 504]
[513, 506, 504]
[513, 506, 508]
[515, 505, 506]
[513, 506, 507]
[515, 507, 504]
[516, 505, 507]
[514, 506, 505]
[514, 507, 505]
[513, 507, 504]
[514, 505, 506]
[513, 507, 506]
[511, 507, 507]
[512, 506, 506]
[514, 505, 505]
[513, 507, 505]
[513, 506, 506]
[513, 505, 506]
[514, 506, 506]
[513, 506, 508]
[514, 506, 505]
[513, 505, 506]
[514, 507, 508]
[511, 507, 505]
[512, 510, 505]
[512, 508, 505]
[513, 506, 507]
[512, 508, 508]
[511, 505, 505]
[512, 506, 507]
[514, 506, 505]
[512, 505, 505]
[512, 507, 508]
[512, 506, 507]
[511, 508, 507]
[513, 505, 505]
[511, 505, 506]
[512, 505, 508]
[515, 507, 506]
[513, 506, 506]
[512, 506, 506]
[513, 506, 507]
[512, 507, 508]
[512, 506, 507]
[511, 505, 506]
[510, 505, 508]
[517, 505, 505]
[512, 505, 508]
[515, 506, 506]
[513, 504, 507]
[513, 504, 508]
[513, 507, 505]
[513, 504, 507]
[515, 507, 505]
[512, 505, 506]
[512, 507, 506]
[512, 505, 506]
[512, 505, 505]
[515, 505, 506]
[514, 507, 505]
[513, 505, 506]
[515, 505, 504]
[514, 506, 507]
[513, 506, 504]
[513, 507, 505]
[512, 506, 505]
[513, 507, 508]
[514, 506, 507]
[514, 508, 504]
[514, 505, 505]
[513, 506, 506]
[514, 505, 505]
[512, 505, 508]
[512, 506, 506]
[513, 506, 504]
[513, 507, 506]
[513, 507, 505]
[512, 505, 506]
[517, 506, 505]
[513, 506, 505]
[513, 508, 504]
[513, 506, 506]
[512, 506, 507]
[515, 506, 506]
[512, 506, 506]
[513, 506, 505]
[514, 507, 506]
[513, 506, 506]
[516, 508, 506]
[514, 506, 505]
[510, 506, 507]
[512, 505, 508]
[512, 508, 507]
[513, 506, 506]
[512, 509, 506]
[511, 506, 505]
[513, 511, 505]
[512, 506, 509]
[513, 507, 506]
[512, 505, 506]
[511, 505, 506]
[512, 505, 507]
[516, 507, 508]
[514, 506, 506]
[514, 507, 506]
[513, 507, 506]
[512, 506, 506]
[513, 508, 505]
[516, 505, 505]
[512, 508, 506]
[511, 505, 506]
[511, 506, 506]
[512, 506, 508]
[514, 504, 505]
[513, 505, 509]
[512, 506, 506]
[514, 505, 506]
[513, 505, 505]
[518, 504, 505]
[512, 505, 506]
[511, 505, 505]
[512, 507, 506]
[512, 505, 509]
[513, 505, 505]
[513, 505, 506]
[513, 506, 504]
[514, 504, 505]
[512, 506, 507]
[516, 507, 506]
[512, 505, 505]
[514, 505, 505]
[514, 505, 504]
[513, 506, 505]
[517, 506, 504]
[515, 505, 505]
[511, 506, 504]
[513, 508, 506]
[513, 506, 506]
[516, 506, 506]
[513, 505, 506]
[514, 505, 505]
[514, 505, 504]
[512, 506, 506]
[518, 506, 504]
[512, 506, 506]
[512, 506, 504]
[512, 509, 507]
[512, 506, 506]
[513, 506, 506]
[514, 506, 506]
[513, 508, 506]
[513, 509, 505]
[514, 508, 506]
[514, 506, 505]
[513, 506, 506]
[512, 506, 508]
[511, 506, 506]
[512, 505, 506]
[515, 507, 506]
[512, 507, 505]
[512, 506, 506]
[512, 506, 507]
[513, 505, 508]
[513, 505, 505]
[511, 504, 505]
[513, 506, 506]
[512, 506, 505]
[511, 507, 505]
[512, 506, 508]
[512, 507, 507]
[512, 505, 506]
[515, 507, 507]
[511, 504, 505]
[516, 506, 506]
[513, 504, 505]
[512, 507, 506]
[513, 510, 506]
[513, 507, 506]
[512, 508, 508]
[511, 504, 506]
[511, 504, 505]
[514, 508, 506]
[511, 505, 505]
[513, 506, 507]
[514, 504, 505]
[511, 505, 508]
[514, 507, 506]
[513, 505, 505]
[515, 505, 504]
[514, 504, 505]
[512, 505, 505]
[512, 509, 505]
[512, 505, 506]
[514, 507, 506]
[513, 505, 507]
[513, 507, 504]
[513, 507, 507]
[515, 506, 504]
[513, 507, 507]
[514, 507, 506]
[513, 506, 504]
[513, 507, 504]
[514, 507, 507]
[513, 506, 506]
[513, 506, 504]
[515, 505, 504]
[513, 508, 505]
[512, 508, 504]
[512, 506, 504]
[512, 506, 506]
[513, 507, 507]
[513, 508, 506]
[515, 507, 504]
[512, 506, 506]
[515, 505, 505]
[513, 505, 505]
[513, 507, 505]
[512, 506, 507]
[512, 506, 504]
[512, 508, 506]
[511, 506, 506]
[514, 507, 506]
[513, 506, 505]
[513, 509, 504]
[513, 506, 508]
[513, 506, 506]
[512, 508, 507]
[512, 505, 505]
[512, 506, 505]
[515, 506, 507]
[511, 505, 506]
[512, 509, 505]
[512, 507, 505]
[513, 507, 505]
[512, 506, 507]
[511, 505, 505]
[512, 508, 506]
[514, 506, 507]
[514, 506, 505]
[512, 507, 507]
[511, 505, 505]
[511, 504, 505]
[514, 504, 504]
[515, 505, 505]
[513, 504, 505]
[514, 505, 505]
[512, 506, 504]
[513, 506, 504]
[513, 506, 504]
[512, 506, 508]
[512, 505, 506]
[514, 507, 506]
[512, 505, 505]
[514, 504, 504]
[512, 506, 508]
[513, 505, 505]
[512, 506, 505]
[513, 506, 506]
[513, 507, 505]
[513, 506, 505]
[512, 508, 505]
[515, 507, 505]
[513, 507, 504]
[514, 507, 504]
[513, 507, 505]
[513, 507, 509]
[514, 505, 505]
[512, 505, 506]
[513, 506, 505]
[515, 506, 507]
[512, 505, 504]
[514, 505, 505]
[513, 504, 505]
[513, 507, 505]
[512, 505, 506]
[512, 506, 505]
[514, 506, 505]
[513, 505, 505]
[512, 506, 505]
[511, 506, 506]
[516, 507, 507]
[513, 508, 506]
[513, 506, 506]
[513, 506, 506]
[512, 507, 508]
[515, 506, 506]
[513, 506, 505]
[513, 507, 506]
[512, 508, 505]
[513, 506, 506]
[512, 506, 506]
[512, 505, 505]
[515, 506, 505]
[514, 505, 505]
[513, 505, 507]
[515, 507, 507]
[516, 507, 505]
[511, 505, 507]
[512, 505, 505]
[512, 505, 508]
[513, 507, 505]
[513, 508, 505]
[512, 506, 506]
[513, 510, 505]
[512, 507, 507]
[515, 507, 506]
[512, 506, 508]
[511, 507, 507]
[513, 505, 507]
[512, 507, 508]
[514, 507, 507]
[515, 506, 505]
[513, 507, 508]
[514, 506, 506]
[512, 505, 506]
[513, 506, 507]
[515, 507, 507]
[511, 506, 506]
[511, 506, 506]
[512, 506, 508]
[514, 506, 506]
[511, 506, 508]
[512, 505, 505]
[513, 506, 508]
[514, 505, 507]
[512, 506, 506]
[514, 508, 505]
[512, 506, 506]
[512, 508, 508]
[512, 507, 508]
[515, 505, 505]
[512, 506, 506]
[514, 506, 506]
[513, 507, 506]
[511, 507, 508]
[514, 506, 505]
[512, 505, 508]
[514, 505, 507]
[513, 506, 505]
[515, 506, 506]
[515, 506, 505]
[512, 506, 506]
[511, 508, 506]
[512, 507, 506]
[512, 507, 506]
[515, 505, 505]
[513, 506, 505]
[512, 505, 505]
[515, 506, 506]
[513, 505, 506]
[512, 507, 506]
[512, 505, 507]
[514, 505, 507]
[513, 507, 506]
[513, 505, 507]
[516, 506, 504]
[513, 505, 506]
[513, 506, 505]
[512, 508, 505]
[513, 505, 505]
[516, 506, 504]
[513, 506, 508]
[513, 506, 507]
[514, 508, 506]
[516, 506, 507]
[517, 505, 505]
[514, 506, 506]
[515, 505, 506]
[512, 508, 507]
[511, 506, 507]
[515, 508, 506]
[512, 507, 505]
[514, 509, 506]
[513, 507, 506]
[512, 507, 505]
[512, 505, 506]
[512, 505, 506]
[511, 505, 510]
[515, 507, 506]
[512, 505, 509]
[517, 505, 506]
[513, 505, 507]
[511, 507, 506]
[512, 508, 506]
[512, 506, 507]
[516, 507, 506]
[513, 505, 506]
[513, 505, 506]
[514, 508, 506]
[512, 505, 507]
[513, 506, 506]
[512, 506, 504]
[513, 505, 505]
[514, 507, 507]
[512, 505, 507]
[515, 506, 506]
[516, 506, 505]
[514, 506, 505]
[514, 506, 505]
[512, 505, 505]
[512, 506, 506]
[513, 506, 508]
[513, 506, 505]
[512, 507, 508]
[516, 507, 506]
[515, 506, 505]
[513, 508, 505]
[512, 508, 506]
[512, 508, 506]
[512, 506, 509]
[514, 505, 505]
[512, 506, 506]
[510, 505, 505]
[512, 506, 505]
[512, 505, 505]
[514, 505, 506]
[513, 506, 506]
[511, 507, 507]
[510, 506, 508]
[513, 505, 507]
[515, 506, 506]
[513, 506, 506]
[512, 505, 506]
[512, 505, 506]
[512, 508, 508]
[514, 505, 506]
[513, 507, 505]
[514, 504, 504]
[515, 505, 505]
[512, 506, 507]
[516, 506, 506]
[513, 507, 508]
[512, 506, 505]
[514, 505, 507]
[514, 506, 507]
[516, 505, 506]
[515, 505, 505]
[512, 506, 506]
[512, 508, 506]
[513, 506, 504]
[515, 506, 504]
[513, 506, 506]
[512, 505, 505]
[514, 506, 506]
[513, 505, 507]
[516, 505, 505]
[513, 508, 506]
[515, 507, 504]
[514, 506, 506]
[513, 507, 509]
[513, 508, 505]
[513, 506, 505]
[515, 508, 505]
[513, 509, 505]
[513, 507, 504]
[514, 506, 506]
[511, 506, 506]
[513, 506, 509]
[515, 507, 506]
[512, 506, 509]
[520, 507, 506]
[512, 507, 505]
[512, 509, 505]
[512, 509, 506]
[512, 505, 506]
[515, 507, 507]
[513, 506, 506]
[511, 508, 507]
[512, 507, 506]
[511, 506, 506]
[514, 507, 505]
[513, 506, 505]
[512, 505, 507]
[514, 504, 508]
[512, 505, 506]
[512, 506, 506]
[514, 506, 507]
[512, 506, 507]
[511, 510, 506]
[511, 505, 506]
[515, 506, 505]
[512, 506, 507]
[512, 505, 505]
[513, 507, 505]
[513, 506, 506]
[513, 506, 508]
[514, 506, 505]
[513, 504, 505]
[515, 506, 506]
[513, 506, 507]
[516, 506, 504]
[513, 505, 505]
[514, 505, 506]
[512, 507, 506]
[512, 508, 505]
[513, 507, 505]
[513, 506, 505]
[513, 505, 505]
[513, 506, 507]
[513, 504, 504]
[515, 505, 507]
[515, 505, 506]
[513, 507, 504]
[514, 510, 505]
[513, 506, 507]
[516, 505, 506]
[513, 507, 506]
[513, 506, 506]
[514, 510, 504]
[513, 506, 504]
[513, 508, 505]
[514, 504, 505]
[513, 505, 506]
[512, 507, 509]
[514, 506, 505]
[514, 506, 506]
[517, 506, 505]
[513, 506, 504]
[513, 510, 505]
[512, 507, 505]
[513, 506, 507]
[510, 505, 508]
[510, 506, 506]
[511, 505, 505]
[512, 506, 506]
[512, 507, 505]
[511, 505, 507]
[513, 506, 506]
[512, 506, 506]
[511, 505, 508]
[514, 504, 505]
[513, 506, 505]
[514, 508, 506]
[511, 508, 506]
[512, 507, 505]
[514, 505, 504]
[513, 505, 505]
[513, 504, 506]
[513, 506, 506]
[512, 504, 507]
[517, 505, 504]
[512, 506, 505]
[515, 506, 506]
[513, 507, 504]
[513, 506, 505]
[516, 508, 507]
[512, 506, 504]
[514, 508, 505]
[514, 506, 504]
[513, 505, 504]
[513, 507, 504]
[514, 506, 504]
[513, 507, 508]
[511, 507, 506]
[510, 505, 507]
[515, 507, 506]
[513, 505, 505]
[515, 506, 505]
[514, 509, 505]
[512, 507, 506]
[514, 506, 506]
[511, 506, 507]
[512, 505, 505]
[512, 507, 506]
[512, 506, 506]
[513, 507, 508]
[514, 506, 506]
[511, 507, 507]
[514, 504, 505]
[512, 506, 509]
[514, 505, 505]
[513, 505, 505]
[512, 506, 506]
[512, 507, 505]
[512, 506, 506]
[511, 507, 506]
[513, 504, 506]
[513, 505, 507]
[512, 508, 505]
[512, 506, 507]
[516, 506, 506]
[514, 505, 505]
[512, 504, 505]
[513, 506, 505]
[514, 505, 505]
[516, 505, 506]
[514, 507, 505]
[513, 506, 505]
[515, 508, 505]
[514, 505, 505]
[514, 507, 505]
[513, 505, 506]
[513, 507, 505]
[514, 506, 507]
[511, 506, 504]
[515, 506, 507]
[518, 505, 505]
[512, 506, 505]
[513, 508, 505]
[512, 506, 506]
[513, 506, 506]
[514, 504, 506]
[511, 505, 505]
[512, 508, 506]
[513, 507, 507]
[512, 508, 507]
[511, 508, 507]
[513, 505, 505]
[513, 507, 507]
[514, 505, 505]
[512, 505, 505]
[513, 505, 506]
[515, 506, 505]
[514, 508, 506]
[513, 506, 506]
[513, 505, 505]
[513, 506, 506]
[514, 504, 504]
[512, 509, 506]
[512, 505, 506]
[512, 506, 504]
[513, 505, 508]
[515, 506, 505]
[513, 507, 506]
[512, 505, 506]
[513, 506, 504]
[513, 506, 506]
[514, 506, 505]
[515, 505, 505]
[513, 505, 506]
[514, 508, 504]
[513, 508, 508]
[512, 506, 508]
[513, 507, 505]
[513, 506, 505]
[514, 505, 505]
[513, 505, 507]
[515, 507, 504]
[513, 509, 506]
[515, 505, 507]
[512, 506, 505]
[514, 507, 506]
[516, 507, 505]
[515, 507, 505]
[512, 507, 504]
[513, 507, 505]
[512, 508, 508]
[510, 505, 505]
[511, 507, 507]
[511, 507, 506]
[511, 506, 507]
[514, 507, 507]
[517, 507, 507]
[512, 507, 506]
[515, 506, 505]
[512, 506, 506]
[511, 505, 508]
[513, 506, 505]
[513, 506, 505]
[514, 507, 506]
[513, 507, 507]
[513, 508, 508]
[514, 507, 507]
[512, 506, 505]
[512, 505, 508]
[513, 505, 505]
[512, 505, 508]
[513, 506, 506]
[512, 505, 506]
[512, 505, 505]
[513, 507, 504]
[513, 506, 507]
[514, 507, 507]
[513, 506, 506]
[513, 505, 505]
[515, 505, 505]
[513, 505, 506]
[515, 506, 507]
[515, 507, 505]
[513, 506, 506]
[516, 507, 507]
[513, 505, 507]
[514, 505, 505]
[515, 506, 504]
[512, 506, 506]
[518, 509, 505]
[514, 506, 508]
[516, 507, 506]
[513, 507, 508]
[514, 506, 506]
[513, 506, 505]
[516, 506, 505]
[516, 507, 504]
[515, 506, 506]
[512, 506, 505]
[512, 506, 506]
[512, 505, 507]
[514, 507, 504]
[513, 507, 506]
[515, 506, 506]
[513, 507, 505]
[511, 508, 508]
[513, 507, 506]
[512, 507, 507]
[511, 505, 508]
[512, 505, 508]
[511, 506, 508]
[511, 505, 506]
[511, 505, 506]
[512, 506, 506]
[511, 508, 507]
[512, 505, 508]
[515, 504, 505]
[512, 508, 506]
[512, 506, 506]
[515, 506, 506]
[513, 505, 505]
[514, 506, 506]
[512, 506, 507]
[514, 506, 507]
[511, 506, 510]
[514, 505, 506]
[515, 505, 505]
[516, 507, 507]
[513, 507, 507]
[514, 509, 506]
[515, 506, 506]
[517, 505, 507]
[514, 508, 506]
[514, 505, 505]
[516, 508, 505]
[516, 505, 505]
[517, 508, 509]
[518, 511, 512]
[515, 505, 506]
[515, 508, 508]
[516, 505, 505]
[515, 507, 506]
[514, 505, 506]
[514, 506, 507]
[514, 508, 506]
[520, 512, 511]
[515, 506, 505]
[514, 506, 506]
[515, 505, 505]
[513, 508, 507]
[515, 506, 507]
[516, 505, 505]
[520, 506, 509]
[519, 512, 510]
[515, 505, 506]
[514, 505, 508]
[515, 505, 506]
[514, 506, 507]
[513, 506, 506]
[514, 507, 507]
[514, 507, 507]
[518, 510, 510]
[517, 507, 506]
[515, 507, 504]
[517, 507, 506]
[516, 505, 507]
[519, 505, 505]
[518, 505, 507]
[521, 510, 505]
[519, 512, 509]
[517, 506, 506]
[516, 505, 508]
[516, 507, 506]
[516, 507, 506]
[515, 508, 505]
[516, 507, 506]
[519, 511, 505]
[519, 512, 510]
[516, 506, 507]
[518, 506, 507]
[516, 506, 506]
[519, 507, 506]
[518, 507, 508]
[520, 505, 505]
[522, 511, 507]
[520, 509, 509]
[519, 509, 505]
[520, 507, 508]
[518, 509, 505]
[520, 506, 506]
[523, 507, 505]
[522, 508, 505]
[523, 511, 510]
[521, 512, 511]
[522, 509, 506]
[519, 506, 509]
[521, 506, 506]
[520, 506, 509]
[521, 507, 506]
[522, 509, 507]
[525, 508, 507]
[520, 506, 510]
[520, 506, 506]
[519, 505, 505]
[519, 505, 505]
[520, 508, 507]
[521, 507, 509]
[522, 506, 509]
[527, 512, 509]
[521, 509, 508]
[519, 507, 506]
[520, 507, 509]
[518, 508, 509]
[520, 507, 507]
[519, 507, 506]
[519, 507, 507]
[523, 512, 509]
[516, 507, 508]
[517, 506, 506]
[518, 507, 510]
[517, 506, 506]
[517, 507, 507]
[520, 506, 508]
[521, 507, 507]
[522, 513, 510]
[516, 507, 506]
[518, 505, 506]
[518, 508, 508]
[520, 506, 506]
[518, 508, 506]
[515, 506, 507]
[515, 507, 506]
[519, 511, 509]
[519, 508, 507]
[517, 505, 508]
[517, 506, 508]
[515, 506, 508]
[517, 506, 506]
[519, 506, 505]
[512, 506, 507]
[511, 506, 506]
[511, 506, 506]
[511, 505, 507]
[509, 506, 506]
[508, 506, 505]
[508, 505, 505]
[506, 506, 505]
[502, 505, 506]
[498, 510, 509]
[493, 506, 506]
[486, 502, 505]
[486, 504, 508]
[488, 505, 506]
[491, 505, 504]
[490, 504, 505]
[486, 506, 504]
[491, 509, 507]
[487, 505, 504]
[491, 504, 506]
[492, 506, 505]
[491, 504, 505]
[495, 504, 505]
[497, 505, 507]
[496, 505, 506]
[498, 510, 512]
[494, 505, 505]
[498, 506, 507]
[497, 505, 506]
[499, 505, 504]
[499, 506, 505]
[500, 504, 505]
[501, 507, 505]
[503, 509, 509]
[503, 504, 505]
[503, 506, 505]
[507, 504, 504]
[506, 507, 505]
[509, 504, 505]
[509, 506, 506]
[507, 505, 508]
[516, 510, 510]
[510, 509, 505]
[511, 505, 506]
[512, 505, 507]
[512, 506, 507]
[511, 507, 505]
[512, 505, 504]
[517, 506, 505]
[514, 509, 509]
[511, 505, 506]
[512, 505, 506]
[512, 504, 506]
[511, 504, 505]
[514, 505, 505]
[512, 505, 508]
[517, 505, 505]
[515, 511, 509]
[511, 505, 505]
[511, 506, 506]
[511, 505, 507]
[514, 507, 504]
[511, 505, 505]
[509, 506, 504]
[512, 511, 508]
[510, 509, 507]
[510, 504, 505]
[508, 507, 504]
[505, 505, 505]
[508, 506, 504]
[502, 505, 509]
[504, 505, 505]
[501, 509, 506]
[497, 509, 508]
[498, 506, 505]
[498, 506, 508]
[498, 505, 505]
[496, 505, 504]
[499, 506, 504]
[497, 505, 503]
[500, 509, 514]
[498, 506, 508]
[500, 506, 506]
[498, 504, 505]
[503, 506, 506]
[500, 505, 507]
[506, 505, 505]
[503, 506, 505]
[507, 509, 509]
[505, 508, 508]
[502, 504, 505]
[505, 507, 507]
[504, 505, 504]
[502, 505, 505]
[502, 506, 505]
[510, 505, 506]
[503, 505, 506]
[501, 504, 505]
[503, 503, 507]
[502, 504, 505]
[503, 504, 504]
[504, 504, 505]
[502, 504, 505]
[505, 510, 510]
[501, 504, 508]
[502, 503, 504]
[503, 505, 506]
[502, 504, 505]
[503, 504, 505]
[506, 505, 507]
[504, 504, 505]
[507, 509, 509]
[504, 506, 504]
[502, 505, 503]
[502, 504, 506]
[505, 504, 504]
[504, 506, 505]
[504, 503, 504]
[502, 507, 504]
[508, 511, 510]
[507, 505, 504]
[504, 504, 505]
[504, 505, 504]
[504, 504, 504]
[507, 505, 505]
[508, 505, 503]
[506, 505, 504]
[508, 511, 508]
[506, 506, 505]
[506, 507, 507]
[506, 505, 507]
[508, 508, 505]
[506, 505, 505]
[507, 505, 505]
[507, 504, 507]
[511, 511, 507]
[506, 505, 507]
[506, 504, 505]
[506, 505, 506]
[505, 503, 504]
[510, 504, 505]
[508, 505, 504]
[508, 506, 504]
[512, 511, 507]
[506, 506, 507]
[509, 505, 504]
[506, 503, 507]
[506, 505, 505]
[505, 504, 505]
[506, 504, 507]
[509, 503, 504]
[510, 507, 509]
[507, 505, 504]
[507, 505, 506]
[506, 504, 506]
[506, 505, 505]
[506, 504, 506]
[508, 505, 506]
[507, 507, 505]
[511, 513, 511]
[510, 505, 505]
[507, 505, 505]
[509, 504, 506]
[507, 505, 505]
[508, 505, 505]
[512, 504, 505]
[509, 504, 505]
[515, 510, 509]
[510, 504, 504]
[508, 503, 506]
[511, 504, 504]
[509, 504, 504]
[510, 507, 504]
[509, 504, 504]
[507, 506, 505]
[514, 510, 508]
[505, 505, 503]
[505, 504, 508]
[502, 504, 504]
[502, 505, 507]
[502, 504, 505]
[503, 505, 504]
[503, 503, 503]
[508, 511, 509]
[504, 504, 504]
[512, 507, 505]
[509, 505, 503]
[514, 505, 503]
[516, 505, 504]
[513, 505, 503]
[521, 509, 506]
[521, 510, 508]
[516, 505, 505]
[519, 505, 505]
[516, 506, 503]
[517, 505, 503]
[516, 504, 504]
[515, 503, 503]
[516, 505, 504]
[519, 509, 506]
[518, 507, 505]
[517, 504, 505]
[515, 505, 504]
[517, 504, 504]
[517, 504, 503]
[517, 504, 503]
[518, 510, 505]
[517, 509, 509]
[519, 508, 505]
[516, 505, 506]
[516, 505, 504]
[517, 506, 504]
[519, 506, 503]
[517, 509, 504]
[516, 507, 504]
[518, 508, 506]
[517, 505, 503]
[516, 506, 505]
[516, 508, 503]
[516, 506, 503]
[517, 505, 506]
[515, 505, 504]
[520, 507, 506]
[518, 509, 508]
[514, 504, 505]
[516, 504, 504]
[515, 505, 507]
[515, 506, 505]
[517, 506, 503]
[516, 505, 504]
[518, 510, 505]
[514, 504, 508]
[513, 505, 506]
[514, 506, 507]
[516, 504, 504]
[516, 506, 506]
[517, 505, 506]
[516, 505, 504]
[521, 513, 508]
[514, 504, 505]
[515, 504, 504]
[515, 506, 505]
[515, 503, 503]
[516, 506, 504]
[518, 505, 505]
[514, 505, 505]
[521, 507, 506]
[516, 503, 504]
[515, 506, 506]
[518, 505, 505]
[516, 504, 505]
[515, 504, 507]
[514, 505, 504]
[515, 505, 505]
[520, 508, 507]
[516, 504, 505]
[516, 505, 505]
[516, 505, 505]
[515, 506, 504]
[516, 504, 503]
[516, 505, 505]
[514, 505, 508]
[519, 510, 507]
[515, 505, 505]
[515, 506, 504]
[513, 505, 504]
[514, 505, 505]
[515, 505, 504]
[515, 507, 505]
[508, 505, 505]
[514, 510, 507]
[506, 504, 505]
[507, 506, 506]
[506, 508, 505]
[508, 505, 506]
[511, 505, 505]
[508, 505, 506]
[513, 505, 505]
[510, 510, 509]
[505, 504, 506]
[506, 507, 505]
[503, 504, 505]
[502, 507, 505]
[501, 504, 505]
[503, 507, 504]
[501, 505, 505]
[500, 509, 506]
[486, 504, 506]
[488, 503, 506]
[486, 503, 505]
[495, 504, 504]
[494, 505, 506]
[497, 503, 504]
[494, 503, 504]
[495, 508, 508]
[492, 503, 504]
[494, 503, 506]
[495, 507, 503]
[494, 503, 504]
[493, 506, 505]
[492, 504, 504]
[492, 505, 504]
[499, 508, 508]
[494, 503, 504]
[492, 503, 507]
[494, 503, 505]
[490, 503, 505]
[496, 503, 503]
[493, 504, 503]
[493, 504, 504]
[496, 508, 508]
[492, 503, 506]
[493, 503, 504]
[493, 503, 505]
[491, 503, 503]
[493, 506, 505]
[494, 504, 506]
[498, 506, 503]
[501, 508, 507]
[497, 504, 504]
[498, 504, 506]
[496, 504, 503]
[497, 503, 503]
[497, 503, 503]
[493, 502, 503]
[494, 509, 503]
[496, 506, 507]
[495, 503, 503]
[494, 502, 503]
[494, 502, 503]
[495, 503, 504]
[496, 502, 503]
[496, 503, 504]
[499, 508, 505]
[496, 505, 508]
[494, 502, 504]
[495, 502, 503]
[495, 501, 503]
[496, 503, 503]
[495, 502, 503]
[496, 504, 502]
[498, 508, 505]
[498, 506, 506]
[495, 502, 505]
[496, 501, 502]
[494, 503, 503]
[497, 501, 502]
[500, 501, 504]
[496, 501, 503]
[496, 503, 503]
[495, 505, 507]
[495, 503, 504]
[498, 504, 502]
[497, 502, 502]
[496, 501, 501]
[498, 502, 502]
[496, 502, 502]
[502, 505, 503]
[495, 504, 506]
[495, 504, 504]
[496, 503, 503]
[497, 502, 503]
[496, 502, 503]
[496, 505, 503]
[500, 509, 507]
[496, 505, 508]
[499, 503, 505]
[495, 502, 504]
[496, 502, 505]
[496, 503, 504]
[499, 502, 504]
[499, 502, 502]
[501, 507, 508]
[498, 503, 503]
[499, 502, 503]
[499, 502, 503]
[501, 503, 502]
[498, 502, 502]
[499, 503, 502]
[498, 504, 504]
[499, 508, 505]
[495, 502, 503]
[495, 501, 504]
[495, 501, 503]
[503, 504, 503]
[500, 501, 504]
[510, 502, 502]
[505, 502, 502]
[507, 506, 505]
[510, 505, 503]
[510, 503, 503]
[512, 504, 501]
[508, 502, 503]
[509, 501, 501]
[508, 503, 503]
[508, 503, 503]
[514, 508, 507]
[510, 501, 502]
[508, 502, 501]
[511, 502, 502]
[509, 503, 501]
[513, 503, 503]
[513, 503, 502]
[511, 502, 502]
[516, 510, 506]
[512, 503, 502]
[513, 503, 503]
[512, 503, 501]
[512, 504, 501]
[513, 505, 502]
[511, 502, 502]
[512, 503, 503]
[516, 507, 506]
[512, 504, 501]
[512, 505, 501]
[511, 503, 503]
[512, 504, 501]
[515, 503, 501]
[513, 503, 502]
[512, 507, 501]
[518, 509, 506]
[511, 503, 503]
[513, 504, 504]
[511, 503, 502]
[512, 505, 504]
[516, 504, 501]
[512, 503, 503]
[514, 503, 502]
[515, 505, 506]
[513, 504, 502]
[512, 502, 502]
[514, 503, 502]
[513, 506, 504]
[513, 503, 503]
[513, 507, 502]
[512, 504, 503]
[518, 508, 505]
[512, 503, 504]
[512, 502, 505]
[513, 505, 502]
[513, 504, 503]
[513, 502, 503]
[513, 504, 504]
[511, 503, 503]
[514, 511, 505]
[513, 505, 502]
[512, 503, 503]
[511, 505, 502]
[511, 502, 502]
[514, 506, 503]
[511, 502, 502]
[512, 504, 503]
[513, 503, 504]
[513, 504, 503]
[511, 502, 504]
[511, 503, 503]
[511, 503, 504]
[514, 502, 504]
[512, 504, 503]
[513, 502, 503]
[512, 505, 504]
[513, 502, 502]
[512, 502, 505]
[514, 503, 503]
[514, 503, 503]
[514, 502, 502]
[514, 503, 503]
[512, 504, 507]
[517, 508, 506]
[513, 503, 505]
[513, 502, 502]
[512, 503, 503]
[514, 504, 506]
[516, 505, 503]
[512, 504, 502]
[512, 507, 503]
[511, 503, 502]
[512, 503, 503]
[515, 503, 502]
[512, 503, 502]
[511, 502, 502]
[515, 503, 503]
[511, 502, 504]
[515, 504, 503]
[509, 502, 504]
[508, 502, 505]
[508, 503, 502]
[507, 503, 503]
[509, 504, 502]
[505, 503, 504]
[504, 505, 502]
[505, 506, 503]
[505, 501, 503]
[504, 503, 504]
[505, 501, 502]
[505, 502, 504]
[505, 503, 503]
[501, 503, 505]
[501, 505, 503]
[503, 506, 507]
[492, 502, 506]
[492, 504, 503]
[495, 502, 501]
[497, 502, 502]
[496, 502, 503]
[493, 503, 504]
[493, 504, 502]
[496, 506, 505]
[495, 501, 504]
[499, 501, 504]
[496, 502, 502]
[495, 502, 501]
[497, 501, 501]
[497, 501, 501]
[494, 502, 502]
[496, 505, 506]
[496, 505, 502]
[494, 501, 502]
[495, 502, 501]
[496, 502, 502]
[498, 501, 501]
[495, 503, 503]
[496, 502, 501]
[501, 506, 506]
[498, 502, 501]
[494, 501, 503]
[494, 501, 502]
[495, 502, 501]
[497, 501, 501]
[495, 503, 501]
[496, 503, 500]
[499, 507, 506]
[496, 502, 502]
[496, 502, 503]
[494, 501, 504]
[493, 501, 501]
[494, 501, 503]
[495, 501, 504]
[496, 501, 502]
[498, 508, 505]
[494, 502, 502]
[494, 502, 504]
[495, 502, 504]
[494, 501, 501]
[494, 501, 502]
[494, 502, 502]
[495, 503, 502]
[495, 502, 505]
[499, 502, 502]
[495, 501, 504]
[497, 500, 501]
[496, 502, 501]
[496, 500, 501]
[499, 502, 503]
[495, 501, 502]
[500, 505, 504]
[497, 502, 501]
[498, 501, 505]
[501, 501, 501]
[500, 500, 502]
[499, 501, 501]
[497, 500, 501]
[495, 500, 502]
[497, 503, 500]
[490, 499, 500]
[490, 501, 502]
[497, 503, 500]
[497, 499, 501]
[511, 501, 502]
[508, 501, 502]
[509, 503, 501]
[515, 507, 506]
[510, 501, 502]
[515, 501, 501]
[513, 500, 501]
[514, 501, 502]
[514, 503, 500]
[517, 500, 501]
[518, 501, 500]
[521, 508, 504]
[514, 502, 501]
[514, 503, 502]
[514, 502, 500]
[518, 502, 500]
[516, 500, 501]
[514, 502, 500]
[516, 501, 500]
[520, 508, 503]
[518, 503, 504]
[516, 503, 503]
[513, 502, 500]
[515, 503, 500]
[515, 503, 500]
[514, 501, 500]
[514, 504, 500]
[518, 506, 505]
[515, 503, 502]
[514, 502, 504]
[517, 502, 502]
[514, 502, 500]
[514, 502, 501]
[514, 503, 500]
[517, 502, 501]
[521, 508, 504]
[515, 503, 502]
[512, 501, 503]
[514, 504, 501]
[514, 504, 501]
[516, 503, 500]
[515, 504, 501]
[514, 503, 500]
[515, 505, 506]
[514, 503, 503]
[516, 501, 502]
[515, 501, 503]
[514, 503, 503]
[515, 503, 504]
[517, 503, 503]
[520, 507, 507]
[516, 508, 505]
[516, 502, 502]
[516, 502, 504]
[515, 503, 502]
[514, 503, 502]
[515, 503, 501]
[514, 501, 501]
[516, 508, 506]
[514, 505, 505]
[518, 502, 500]
[516, 501, 501]
[517, 501, 502]
[515, 502, 500]
[517, 501, 500]
[519, 502, 502]
[520, 505, 504]
[515, 509, 503]
[516, 502, 502]
[515, 501, 502]
[516, 501, 501]
[517, 501, 503]
[515, 502, 502]
[517, 504, 502]
[520, 504, 505]
[519, 502, 503]
[516, 501, 501]
[517, 503, 501]
[516, 504, 503]
[517, 501, 501]
[516, 503, 502]
[515, 502, 501]
[516, 508, 505]
[514, 504, 502]
[512, 501, 501]
[512, 501, 505]
[514, 502, 502]
[505, 502, 504]
[507, 503, 501]
[491, 500, 503]
[495, 505, 504]
[499, 503, 502]
[499, 500, 501]
[498, 500, 501]
[497, 500, 501]
[498, 502, 500]
[496, 501, 502]
[495, 501, 502]
[504, 505, 504]
[500, 501, 501]
[498, 500, 502]
[498, 501, 505]
[498, 500, 501]
[499, 503, 500]
[497, 500, 501]
[500, 500, 500]
[502, 506, 508]
[500, 502, 502]
[498, 503, 500]
[497, 501, 502]
[498, 503, 500]
[499, 499, 500]
[503, 500, 500]
[498, 500, 501]
[504, 504, 500]
[500, 501, 500]
[503, 502, 503]
[501, 500, 501]
[501, 501, 501]
[501, 501, 501]
[503, 500, 500]
[503, 502, 503]
[510, 507, 504]
[501, 502, 500]
[502, 500, 501]
[501, 502, 501]
[501, 502, 502]
[501, 502, 500]
[501, 502, 503]
[502, 501, 501]
[506, 505, 506]
[501, 502, 503]
[505, 501, 501]
[502, 501, 502]
[505, 503, 500]
[505, 502, 500]
[506, 503, 500]
[509, 502, 500]
[510, 506, 504]
[509, 504, 500]
[509, 502, 502]
[511, 501, 504]
[514, 501, 500]
[512, 501, 502]
[513, 501, 501]
[511, 502, 501]
[513, 506, 504]
[513, 502, 501]
[511, 501, 501]
[511, 503, 500]
[512, 502, 500]
[512, 502, 501]
[513, 502, 501]
[511, 502, 501]
[515, 509, 505]
[512, 503, 502]
[511, 501, 502]
[516, 501, 501]
[511, 502, 501]
[513, 502, 500]
[515, 504, 500]
[513, 502, 501]
[520, 511, 506]
[511, 503, 503]
[510, 502, 503]
[511, 502, 504]
[510, 503, 503]
[514, 502, 503]
[507, 502, 502]
[506, 501, 503]
[505, 506, 501]
[507, 500, 502]
[511, 502, 501]
[509, 501, 502]
[510, 502, 502]
[510, 503, 501]
[512, 502, 502]
[515, 505, 501]
[511, 505, 506]
[508, 502, 501]
[509, 502, 504]
[512, 502, 503]
[508, 502, 503]
[511, 502, 501]
[509, 501, 502]
[510, 504, 501]
[508, 503, 501]
[509, 502, 501]
[509, 502, 504]
[509, 502, 502]
[509, 505, 502]
[510, 502, 502]
[511, 502, 502]
[516, 504, 502]
[509, 504, 505]
[509, 503, 501]
[512, 502, 503]
[510, 501, 504]
[512, 501, 502]
[509, 502, 503]
[511, 502, 502]
[512, 505, 505]
[508, 500, 504]
[509, 503, 504]
[508, 501, 502]
[511, 505, 501]
[510, 501, 501]
[511, 503, 502]
[511, 501, 503]
[512, 505, 506]
[510, 502, 503]
[510, 501, 501]
[509, 501, 503]
[510, 501, 503]
[510, 501, 501]
[509, 500, 501]
[509, 500, 501]
[514, 506, 506]
[511, 502, 502]
[513, 500, 502]
[511, 502, 501]
[510, 501, 500]
[509, 502, 502]
[512, 502, 505]
[517, 501, 501]
[516, 506, 506]
[513, 502, 501]
[511, 502, 501]
[511, 501, 505]
[513, 502, 500]
[512, 502, 500]
[512, 503, 502]
[513, 501, 502]
[511, 501, 502]
[510, 502, 500]
[508, 503, 501]
[509, 502, 503]
[481, 500, 501]
[482, 499, 502]
[505, 505, 501]
[503, 501, 501]
[511, 502, 503]
[512, 501, 502]
[514, 504, 500]
[511, 503, 500]
[511, 500, 501]
[516, 501, 502]
[512, 499, 501]
[520, 502, 502]
[512, 503, 506]
[514, 502, 501]
[511, 503, 503]
[513, 500, 501]
[512, 501, 501]
[515, 502, 501]
[511, 503, 502]
[513, 507, 504]
[512, 500, 501]
[513, 504, 502]
[512, 503, 501]
[511, 502, 501]
[513, 502, 501]
[512, 503, 502]
[510, 503, 501]
[514, 505, 505]
[510, 501, 502]
[508, 501, 501]
[508, 501, 501]
[510, 503, 502]
[502, 500, 502]
[504, 502, 503]
[511, 502, 506]
[509, 501, 503]
[508, 502, 502]
[508, 501, 501]
[508, 501, 501]
[508, 502, 502]
[510, 501, 502]
[507, 500, 501]
[512, 505, 503]
[507, 503, 501]
[506, 503, 500]
[507, 500, 500]
[508, 504, 503]
[507, 501, 502]
[508, 501, 502]
[508, 501, 500]
[513, 506, 506]
[509, 502, 503]
[511, 501, 501]
[509, 502, 503]
[509, 501, 500]
[509, 502, 505]
[511, 500, 500]
[507, 501, 503]
[516, 504, 504]
[507, 501, 502]
[509, 504, 502]
[507, 500, 501]
[508, 502, 503]
[508, 502, 501]
[512, 502, 501]
[511, 504, 500]
[514, 506, 505]
[508, 506, 501]
[509, 502, 501]
[510, 501, 503]
[508, 500, 501]
[508, 500, 500]
[511, 501, 501]
[507, 501, 501]
[511, 508, 507]
[507, 502, 502]
[512, 501, 504]
[509, 501, 500]
[508, 500, 501]
[510, 501, 502]
[508, 500, 502]
[511, 502, 501]
[512, 504, 506]
[507, 502, 501]
[507, 504, 501]
[509, 502, 502]
[509, 502, 501]
[508, 503, 502]
[510, 505, 501]
[514, 500, 502]
[512, 508, 506]
[507, 502, 501]
[508, 502, 502]
[508, 502, 501]
[509, 504, 503]
[509, 501, 501]
[509, 501, 501]
[510, 500, 503]
[508, 504, 503]
[508, 501, 505]
[511, 502, 501]
[508, 500, 502]
[509, 504, 503]
[509, 502, 501]
[511, 505, 504]
[510, 502, 505]
[512, 501, 502]
[509, 502, 501]
[508, 503, 501]
[508, 502, 502]
[509, 502, 504]
[512, 501, 501]
[512, 505, 506]
[511, 502, 501]
[509, 504, 502]
[510, 504, 501]
[509, 503, 500]
[509, 500, 503]
[511, 502, 502]
[508, 501, 502]
[513, 506, 506]
[508, 501, 501]
[509, 503, 502]
[512, 501, 502]
[511, 502, 503]
[510, 502, 501]
[512, 502, 500]
[513, 502, 503]
[519, 506, 506]
[511, 502, 504]
[514, 502, 502]
[511, 501, 503]
[513, 501, 501]
[513, 501, 501]
[509, 502, 501]
[514, 501, 500]
[518, 506, 506]
[514, 500, 501]
[515, 501, 501]
[517, 502, 501]
[516, 502, 503]
[514, 501, 501]
[518, 501, 500]
[518, 504, 503]
[514, 501, 504]
[516, 500, 504]
[520, 503, 500]
[515, 504, 501]
[514, 504, 501]
[515, 501, 501]
[515, 502, 500]
[521, 506, 505]
[516, 502, 504]
[515, 501, 501]
[518, 504, 500]
[516, 504, 500]
[516, 504, 503]
[515, 501, 503]
[520, 505, 501]
[515, 503, 503]
[515, 502, 503]
[514, 502, 500]
[517, 501, 501]
[515, 505, 501]
[514, 502, 503]
[517, 502, 501]
[518, 506, 506]
[514, 504, 502]
[513, 501, 503]
[515, 500, 501]
[512, 501, 502]
[514, 502, 502]
[511, 503, 502]
[518, 503, 501]
[515, 505, 504]
[512, 501, 501]
[512, 500, 500]
[511, 502, 501]
[512, 501, 502]
[506, 500, 501]
[506, 503, 502]
[506, 501, 501]
[508, 506, 506]
[508, 503, 501]
[507, 502, 501]
[509, 501, 501]
[505, 501, 501]
[504, 502, 501]
[501, 500, 501]
[502, 506, 503]
[492, 504, 508]
[493, 501, 502]
[498, 501, 503]
[500, 501, 501]
[496, 502, 502]
[500, 500, 500]
[499, 503, 502]
[502, 500, 500]
[503, 505, 505]
[503, 501, 503]
[504, 502, 501]
[498, 502, 501]
[497, 501, 502]
[498, 503, 502]
[498, 500, 499]
[498, 500, 500]
[498, 502, 504]
[497, 500, 501]
[496, 502, 500]
[496, 500, 502]
[497, 499, 503]
[497, 501, 503]
[499, 501, 501]
[496, 501, 502]
[498, 501, 504]
[497, 500, 501]
[498, 502, 503]
[497, 500, 504]
[499, 500, 500]
[498, 500, 501]
[499, 501, 500]
[503, 505, 505]
[497, 501, 502]
[499, 500, 502]
[497, 501, 500]
[496, 501, 500]
[498, 500, 501]
[499, 501, 500]
[496, 502, 502]
[504, 506, 506]
[497, 501, 502]
[498, 502, 502]
[498, 501, 501]
[501, 502, 499]
[498, 500, 501]
[500, 499, 500]
[499, 500, 501]
[504, 504, 505]
[498, 501, 503]
[500, 500, 501]
[497, 499, 501]
[501, 500, 501]
[498, 501, 500]
[498, 503, 500]
[498, 503, 500]
[501, 504, 504]
[500, 503, 502]
[498, 500, 501]
[499, 503, 500]
[500, 500, 499]
[497, 501, 500]
[499, 501, 501]
[497, 500, 505]
[502, 506, 504]
[498, 501, 500]
[499, 502, 499]
[498, 502, 499]
[499, 501, 502]
[499, 499, 501]
[498, 500, 502]
[501, 499, 500]
[501, 504, 503]
[500, 501, 500]
[499, 499, 500]
[499, 499, 503]
[502, 499, 500]
[499, 501, 502]
[500, 501, 499]
[499, 503, 499]
[503, 504, 504]
[501, 499, 500]
[501, 502, 501]
[500, 499, 501]
[502, 503, 501]
[504, 501, 501]
[503, 501, 500]
[504, 500, 501]
[507, 502, 502]
[504, 501, 499]
[506, 503, 499]
[506, 501, 501]
[509, 499, 498]
[508, 499, 501]
[510, 500, 500]
[510, 504, 504]
[510, 502, 503]
[509, 501, 501]
[512, 501, 500]
[509, 501, 501]
[512, 499, 499]
[510, 500, 501]
[509, 501, 500]
[512, 507, 504]
[509, 501, 500]
[509, 501, 502]
[510, 500, 503]
[512, 501, 499]
[514, 501, 499]
[512, 501, 498]
[513, 502, 501]
[517, 505, 505]
[513, 501, 501]
[516, 500, 500]
[515, 501, 500]
[516, 503, 500]
[518, 500, 499]
[516, 500, 503]
[521, 506, 503]
[520, 505, 503]
[522, 503, 499]
[517, 502, 504]
[517, 501, 501]
[516, 500, 502]
[516, 503, 502]
[516, 500, 500]
[516, 501, 500]
[516, 502, 502]
[515, 501, 499]
[517, 500, 501]
[519, 503, 501]
[518, 499, 502]
[517, 501, 501]
[515, 503, 503]
[520, 503, 505]
[515, 501, 503]
[515, 500, 501]
[514, 501, 500]
[515, 501, 500]
[518, 501, 501]
[515, 501, 500]
[515, 500, 499]
[517, 506, 503]
[514, 500, 500]
[515, 502, 499]
[512, 500, 503]
[515, 501, 500]
[512, 503, 502]
[513, 502, 500]
[511, 502, 502]
[517, 504, 505]
[513, 503, 500]
[513, 502, 500]
[514, 502, 499]
[513, 502, 502]
[513, 500, 500]
[512, 500, 502]
[514, 501, 501]
[514, 500, 501]
[512, 501, 500]
[514, 502, 500]
[512, 506, 500]
[514, 500, 499]
[512, 499, 500]
[511, 500, 503]
[514, 501, 502]
[518, 504, 504]
[513, 501, 501]
[512, 504, 502]
[513, 500, 500]
[516, 501, 502]
[513, 501, 499]
[513, 501, 501]
[515, 502, 500]
[513, 505, 503]
[512, 503, 500]
[513, 501, 500]
[513, 501, 503]
[512, 502, 502]
[513, 502, 501]
[515, 500, 499]
[512, 501, 503]
[515, 505, 503]
[514, 502, 500]
[512, 501, 502]
[513, 500, 500]
[512, 500, 500]
[514, 501, 501]
[513, 502, 503]
[515, 505, 500]
[512, 501, 503]
[512, 502, 503]
[512, 501, 500]
[513, 502, 499]
[514, 500, 500]
[513, 502, 501]
[512, 502, 502]
[517, 503, 501]
[512, 502, 504]
[513, 501, 501]
[513, 502, 503]
[513, 501, 501]
[512, 502, 502]
[515, 502, 501]
[514, 503, 502]
[517, 505, 504]
[515, 501, 500]
[514, 501, 501]
[514, 500, 501]
[513, 503, 501]
[512, 500, 501]
[513, 502, 502]
[514, 503, 503]
[520, 506, 504]
[514, 503, 501]
[512, 501, 501]
[515, 502, 502]
[513, 502, 501]
[515, 504, 500]
[513, 502, 499]
[513, 501, 501]
[515, 505, 512]
[513, 501, 501]
[516, 501, 501]
[513, 501, 502]
[512, 504, 501]
[516, 501, 501]
[514, 502, 503]
[516, 502, 501]
[519, 504, 505]
[517, 502, 501]
[512, 501, 502]
[512, 501, 500]
[514, 502, 501]
[513, 502, 503]
[514, 504, 501]
[513, 501, 503]
[515, 509, 505]
[513, 501, 502]
[513, 502, 501]
[514, 501, 501]
[513, 501, 504]
[513, 501, 501]
[513, 501, 501]
[519, 502, 502]
[515, 508, 506]
[513, 502, 503]
[514, 502, 502]
[513, 502, 502]
[516, 501, 501]
[513, 501, 500]
[518, 501, 500]
[513, 503, 501]
[513, 507, 507]
[515, 500, 500]
[512, 501, 503]
[511, 501, 502]
[512, 504, 503]
[516, 503, 502]
[513, 502, 500]
[516, 508, 505]
[516, 504, 503]
[513, 502, 503]
[512, 500, 500]
[513, 504, 501]
[514, 503, 502]
[512, 502, 501]
[513, 503, 502]
[517, 503, 501]
[513, 502, 503]
[513, 503, 500]
[513, 503, 502]
[516, 501, 501]
[515, 502, 501]
[515, 503, 501]
[511, 500, 502]
[518, 505, 506]
[512, 502, 501]
[516, 502, 502]
[514, 502, 504]
[513, 501, 500]
[513, 503, 502]
[511, 501, 503]
[512, 501, 502]
[516, 504, 506]
[514, 504, 501]
[512, 502, 501]
[512, 504, 502]
[513, 504, 501]
[513, 502, 502]
[514, 503, 502]
[513, 501, 502]
[518, 504, 505]
[513, 500, 501]
[513, 501, 503]
[514, 501, 501]
[513, 502, 504]
[515, 502, 503]
[513, 501, 502]
[516, 501, 501]
[516, 507, 507]
[516, 503, 500]
[515, 501, 500]
[512, 501, 504]
[515, 503, 501]
[513, 502, 503]
[512, 502, 502]
[513, 502, 501]
[516, 509, 506]
[515, 503, 501]
[513, 504, 501]
[513, 503, 502]
[514, 502, 501]
[514, 500, 500]
[513, 501, 501]
[513, 501, 504]
[520, 507, 505]
[513, 502, 503]
[514, 502, 504]
[514, 502, 502]
[515, 502, 501]
[519, 502, 501]
[514, 501, 501]
[512, 503, 502]
[515, 503, 504]
[512, 502, 503]
[513, 502, 502]
[512, 501, 503]
[517, 501, 501]
[513, 502, 502]
[513, 504, 500]
[517, 505, 506]
[513, 504, 505]
[513, 502, 500]
[513, 502, 501]
[514, 503, 502]
[513, 504, 501]
[512, 504, 501]
[513, 503, 501]
[518, 503, 504]
[516, 502, 505]
[513, 503, 501]
[514, 503, 502]
[515, 502, 500]
[513, 504, 502]
[516, 502, 500]
[512, 501, 504]
[520, 505, 506]
[513, 504, 501]
[516, 503, 502]
[514, 502, 501]
[513, 502, 501]
[515, 501, 502]
[514, 503, 502]
[513, 503, 502]
[516, 507, 505]
[515, 504, 500]
[514, 502, 502]
[512, 504, 501]
[512, 502, 502]
[513, 502, 502]
[512, 502, 501]
[514, 503, 500]
[520, 504, 505]
[516, 501, 501]
[514, 502, 501]
[512, 502, 503]
[514, 503, 504]
[513, 503, 500]
[514, 502, 501]
[516, 502, 503]
[518, 507, 503]
[515, 503, 502]
[513, 501, 501]
[515, 501, 502]
[514, 503, 501]
[515, 502, 502]
[514, 502, 503]
[514, 503, 501]
[519, 507, 505]
[513, 503, 500]
[514, 504, 501]
[513, 501, 503]
[515, 504, 501]
[512, 502, 503]
[511, 505, 502]
[513, 503, 502]
[518, 507, 506]
[513, 504, 502]
[513, 502, 503]
[515, 503, 500]
[512, 502, 500]
[512, 503, 502]
[513, 501, 501]
[521, 502, 506]
[515, 506, 506]
[513, 503, 503]
[516, 502, 502]
[514, 503, 502]
[517, 505, 501]
[514, 501, 501]
[514, 502, 503]
[517, 506, 505]
[512, 501, 506]
[515, 502, 503]
[512, 502, 502]
[513, 505, 502]
[516, 502, 502]
[514, 504, 504]
[513, 503, 500]
[519, 507, 502]
[516, 501, 501]
[513, 502, 502]
[513, 503, 503]
[515, 502, 502]
[513, 502, 504]
[512, 502, 502]
[515, 501, 500]
[518, 506, 505]
[515, 502, 502]
[516, 503, 502]
[513, 502, 501]
[516, 502, 503]
[514, 501, 502]
[516, 502, 502]
[513, 502, 503]
[517, 504, 506]
[513, 503, 503]
[512, 502, 502]
[513, 505, 503]
[513, 504, 501]
[514, 505, 501]
[516, 501, 503]
[513, 501, 502]
[515, 506, 505]
[513, 502, 501]
[513, 501, 501]
[512, 502, 502]
[515, 503, 502]
[514, 503, 501]
[515, 504, 504]
[515, 506, 501]
[520, 508, 504]
[516, 502, 501]
[513, 502, 502]
[515, 501, 501]
[515, 504, 502]
[515, 502, 502]
[513, 504, 501]
[514, 502, 502]
[519, 505, 508]
[513, 503, 503]
[512, 504, 500]
[515, 503, 501]
[513, 502, 502]
[512, 502, 501]
[513, 503, 505]
[515, 502, 503]
[518, 505, 507]
[512, 502, 502]
[514, 502, 502]
[513, 502, 503]
[517, 505, 501]
[515, 501, 502]
[512, 502, 502]
[514, 501, 501]
[516, 506, 506]
[514, 502, 503]
[514, 501, 505]
[511, 502, 502]
[516, 502, 502]
[514, 502, 502]
[515, 503, 502]
[519, 505, 504]
[515, 505, 504]
[514, 503, 501]
[514, 501, 501]
[513, 506, 502]
[512, 501, 503]
[514, 503, 502]
[514, 503, 503]
[518, 508, 503]
[514, 503, 503]
[513, 503, 502]
[515, 502, 502]
[515, 502, 506]
[514, 501, 501]
[514, 503, 502]
[517, 503, 503]
[517, 509, 502]
[514, 503, 501]
[516, 502, 502]
[514, 502, 501]
[519, 502, 501]
[514, 503, 501]
[515, 503, 501]
[515, 502, 502]
[515, 506, 507]
[515, 501, 501]
[512, 502, 502]
[512, 504, 503]
[513, 504, 501]
[516, 503, 501]
[513, 502, 502]
[513, 504, 502]
[519, 505, 506]
[513, 502, 504]
[514, 501, 501]
[513, 502, 502]
[515, 502, 502]
[513, 502, 502]
[514, 504, 506]
[514, 504, 501]
[518, 507, 508]
[516, 503, 500]
[514, 503, 502]
[515, 503, 504]
[513, 502, 503]
[516, 505, 502]
[513, 503, 503]
[515, 505, 504]
[518, 507, 504]
[514, 504, 502]
[516, 504, 503]
[515, 502, 501]
[514, 507, 502]
[514, 501, 501]
[513, 505, 504]
[518, 504, 504]
[517, 509, 506]
[514, 501, 502]
[514, 501, 501]
[513, 506, 503]
[515, 502, 502]
[515, 502, 502]
[514, 502, 504]
[517, 503, 503]
[516, 505, 504]
[512, 503, 503]
[514, 503, 502]
[512, 502, 503]
[517, 503, 505]
[513, 504, 502]
[513, 502, 501]
[515, 504, 501]
[513, 504, 501]
[513, 505, 501]
[513, 502, 503]
[514, 503, 501]
[514, 501, 501]
[511, 504, 503]
[515, 502, 502]
[512, 504, 501]
[516, 504, 502]
[513, 503, 502]
[513, 504, 501]
[513, 503, 501]
[512, 502, 501]
[515, 503, 501]
[512, 503, 506]
[520, 508, 502]
[513, 501, 504]
[513, 503, 504]
[512, 505, 503]
[515, 502, 501]
[515, 503, 501]
[514, 503, 503]
[513, 504, 502]
[515, 506, 506]
[513, 502, 505]
[513, 501, 501]
[511, 503, 505]
[515, 504, 501]
[513, 505, 501]
[513, 504, 501]
[513, 504, 502]
[519, 506, 507]
[512, 504, 501]
[513, 502, 504]
[517, 502, 503]
[512, 503, 502]
[512, 504, 502]
[513, 503, 502]
[513, 503, 502]
[519, 508, 507]
[514, 502, 501]
[514, 503, 503]
[514, 504, 502]
[512, 504, 502]
[515, 502, 502]
[514, 504, 505]
[517, 503, 501]
[516, 507, 507]
[512, 504, 502]
[512, 504, 501]
[514, 505, 502]
[513, 502, 502]
[513, 503, 504]
[512, 503, 502]
[513, 504, 503]
[517, 509, 507]
[513, 504, 502]
[512, 503, 503]
[515, 502, 503]
[513, 502, 503]
[512, 502, 502]
[514, 502, 502]
[516, 505, 503]
[512, 506, 507]
[512, 505, 505]
[516, 503, 503]
[513, 503, 502]
[515, 502, 501]
[515, 503, 502]
[517, 502, 502]
[514, 502, 501]
[515, 504, 505]
[512, 502, 504]
[511, 503, 504]
[512, 503, 503]
[513, 502, 502]
[514, 504, 503]
[514, 502, 502]
[517, 509, 507]
[514, 503, 501]
[513, 506, 503]
[514, 501, 502]
[512, 503, 503]
[514, 503, 502]
[514, 504, 503]
[514, 505, 503]
[513, 504, 503]
[513, 502, 505]
[515, 503, 503]
[514, 503, 503]
[515, 503, 501]
[512, 502, 501]
[515, 504, 502]
[513, 503, 502]
[515, 503, 504]
[512, 501, 503]
[513, 504, 504]
[516, 504, 503]
[514, 504, 502]
[514, 507, 501]
[514, 502, 503]
[515, 503, 504]
[513, 502, 501]
[512, 505, 502]
[513, 502, 502]
[512, 503, 503]
[513, 504, 502]
[512, 504, 503]
[512, 503, 504]
[514, 503, 501]
[513, 502, 504]
[517, 504, 501]
[514, 502, 506]
[518, 502, 502]
[512, 502, 503]
[514, 503, 503]
[513, 504, 502]
[515, 505, 501]
[516, 503, 501]
[514, 504, 503]
[514, 505, 501]
[514, 503, 502]
[514, 501, 502]
[514, 502, 502]
[513, 504, 503]
[514, 504, 504]
[513, 506, 503]
[513, 505, 502]
[513, 508, 502]
[514, 504, 504]
[513, 502, 502]
[512, 502, 504]
[515, 504, 503]
[513, 504, 502]
[512, 504, 503]
[514, 502, 504]
[515, 503, 505]
[515, 503, 504]
[514, 504, 502]
[515, 502, 501]
[515, 504, 503]
[513, 503, 503]
[514, 503, 502]
[513, 502, 503]
[515, 502, 502]
[514, 503, 502]
[515, 502, 502]
[514, 504, 501]
[512, 504, 502]
[514, 503, 503]
[513, 503, 504]
[513, 504, 503]
[514, 501, 501]
[514, 501, 502]
[512, 503, 503]
[513, 505, 504]
[516, 503, 503]
[513, 504, 503]
[512, 504, 503]
[516, 505, 503]
[514, 504, 504]
[515, 503, 501]
[513, 505, 504]
[514, 503, 503]
[513, 503, 505]
[514, 502, 502]
[512, 503, 502]
[515, 504, 504]
[514, 502, 503]
[513, 503, 501]
[514, 505, 501]
[513, 505, 501]
[514, 503, 502]
[514, 502, 501]
[515, 505, 502]
[513, 502, 501]
[513, 504, 503]
[513, 503, 504]
[512, 504, 503]
[513, 503, 502]
[517, 504, 501]
[514, 503, 502]
[513, 503, 502]
[515, 505, 503]
[516, 503, 501]
[515, 502, 503]
[515, 502, 503]
[511, 502, 502]
[514, 505, 502]
[512, 502, 502]
[512, 503, 502]
[512, 504, 505]
[516, 504, 504]
[513, 506, 501]
[514, 502, 501]
[515, 503, 501]
[512, 502, 502]
[515, 506, 503]
[512, 502, 502]
[512, 503, 505]
[513, 504, 504]
[512, 503, 503]
[514, 504, 504]
[512, 503, 503]
[515, 503, 503]
[513, 503, 503]
[514, 504, 502]
[515, 505, 501]
[513, 503, 502]
[514, 502, 503]
[513, 502, 502]
[513, 503, 502]
[513, 503, 503]
[513, 502, 502]
[513, 504, 501]
[514, 503, 502]
[516, 503, 501]
[513, 503, 502]
[514, 504, 502]
[513, 504, 504]
[512, 505, 502]
[514, 503, 503]
[512, 502, 503]
[513, 504, 504]
[514, 504, 502]
[514, 504, 504]
[514, 504, 502]
[514, 503, 504]
[515, 503, 503]
[512, 502, 505]
[514, 502, 502]
[515, 504, 502]
[513, 504, 504]
[513, 503, 502]
[515, 502, 502]
[516, 503, 502]
[514, 502, 501]
[514, 501, 502]
[515, 502, 501]
[512, 505, 503]
[516, 504, 503]
[513, 504, 505]
[511, 503, 502]
[514, 506, 502]
[514, 504, 502]
[514, 503, 503]
[515, 505, 504]
[515, 505, 503]
[514, 501, 504]
[512, 502, 502]
[513, 505, 503]
[514, 503, 503]
[513, 504, 504]
[513, 505, 502]
[513, 504, 504]
[516, 504, 503]
[512, 503, 502]
[515, 503, 501]
[514, 501, 505]
[513, 502, 502]
[513, 504, 503]
[513, 502, 502]
[512, 505, 504]
[514, 504, 502]
[513, 504, 501]
[514, 503, 504]
[516, 503, 503]
[512, 504, 502]
[513, 503, 503]
[513, 504, 504]
[513, 502, 502]
[516, 502, 504]
[513, 504, 502]
[512, 503, 505]
[514, 506, 502]
[514, 503, 503]
[514, 502, 502]
[514, 503, 503]
[515, 503, 503]
[515, 504, 505]
[513, 503, 503]
[512, 504, 503]
[514, 502, 503]
[515, 504, 503]
[514, 504, 501]
[514, 502, 502]
[515, 502, 503]
[513, 503, 502]
[514, 504, 502]
[512, 505, 505]
[515, 502, 502]
[514, 506, 503]
[512, 504, 504]
[514, 504, 503]
[515, 504, 503]
[516, 506, 501]
[514, 503, 503]
[512, 503, 504]
[513, 504, 503]
[511, 502, 502]
[514, 504, 505]
[512, 502, 503]
[514, 502, 504]
[515, 504, 502]
[513, 503, 503]
[514, 504, 504]
[513, 503, 501]
[514, 503, 503]
[514, 504, 502]
[514, 504, 501]
[514, 504, 503]
[514, 502, 503]
[513, 504, 505]
[513, 503, 505]
[514, 505, 504]
[515, 503, 502]
[513, 503, 503]
[514, 505, 502]
[513, 504, 502]
[517, 503, 503]
[515, 503, 502]
[513, 503, 504]
[516, 505, 503]
[512, 503, 505]
[512, 505, 503]
[513, 504, 504]
[516, 504, 504]
[514, 503, 502]
[513, 503, 501]
[514, 503, 503]
[515, 503, 502]
[516, 503, 503]
[514, 502, 502]
[513, 501, 504]
[514, 504, 504]
[513, 504, 503]
[514, 503, 503]
[513, 505, 504]
[516, 504, 502]
[514, 503, 503]
[512, 503, 503]
[514, 503, 502]
[513, 502, 503]
[515, 502, 502]
[513, 502, 504]
[512, 504, 504]
[513, 505, 506]
[514, 504, 505]
[514, 504, 502]
[513, 503, 504]
[514, 504, 502]
[513, 504, 502]
[513, 503, 502]
[513, 505, 503]
[512, 502, 504]
[512, 502, 502]
[514, 503, 502]
[512, 502, 502]
[513, 505, 503]
[514, 506, 503]
[513, 505, 502]
[514, 503, 503]
[517, 502, 502]
[514, 502, 501]
[512, 504, 501]
[514, 503, 502]
[513, 503, 503]
[515, 504, 505]
[513, 503, 504]
[515, 504, 505]
[514, 506, 502]
[516, 504, 504]
[513, 503, 502]
[514, 504, 505]
[516, 503, 502]
[514, 503, 501]
[513, 502, 503]
[514, 504, 502]
[515, 503, 504]
[514, 506, 503]
[514, 504, 503]
[512, 504, 503]
[514, 504, 503]
[513, 503, 503]
[513, 503, 503]
[515, 503, 504]
[516, 503, 504]
[513, 504, 503]
[512, 503, 503]
[513, 505, 506]
[513, 503, 502]
[513, 504, 503]
[516, 503, 506]
[515, 503, 503]
[514, 503, 504]
[516, 502, 502]
[514, 502, 504]
[512, 503, 505]
[515, 502, 503]
[515, 504, 503]
[514, 504, 502]
[513, 507, 502]
[513, 503, 503]
[514, 504, 505]
[514, 503, 505]
[515, 503, 503]
[516, 504, 502]
[514, 502, 502]
[512, 506, 504]
[514, 503, 503]
[516, 504, 504]
[512, 502, 503]
[512, 504, 504]
[513, 505, 504]
[515, 504, 503]
[514, 505, 503]
[515, 502, 503]
[516, 503, 507]
[514, 502, 502]
[513, 503, 504]
[513, 503, 504]
[512, 503, 504]
[516, 503, 503]
[514, 504, 503]
[513, 503, 504]
[515, 504, 502]
[516, 504, 504]
[517, 505, 502]
[514, 504, 504]
[515, 504, 504]
[514, 502, 503]
[512, 502, 503]
[514, 506, 504]
[514, 504, 504]
[515, 503, 504]
[513, 504, 502]
[512, 506, 505]
[513, 504, 502]
[514, 502, 504]
[514, 504, 502]
[513, 504, 506]
[517, 503, 503]
[513, 502, 504]
[516, 504, 503]
[512, 504, 503]
[513, 503, 505]
[514, 503, 503]
[513, 503, 504]
[515, 503, 502]
[514, 504, 503]
[513, 507, 504]
[514, 502, 502]
[513, 505, 504]
[517, 505, 502]
[513, 503, 503]
[515, 503, 503]
[514, 505, 503]
[515, 504, 503]
[513, 503, 503]
[513, 503, 505]
[514, 502, 502]
[513, 506, 504]
[514, 505, 504]
[514, 504, 503]
[515, 504, 502]
[517, 504, 505]
[517, 503, 504]
[513, 502, 503]
[514, 503, 503]
[512, 504, 503]
[513, 504, 503]
[514, 505, 505]
[517, 503, 503]
[514, 503, 505]
[513, 504, 502]
[514, 504, 502]
[513, 503, 503]
[512, 504, 504]
[513, 503, 505]
[512, 503, 503]
[514, 503, 504]
[513, 507, 502]
[513, 503, 504]
[516, 504, 504]
[515, 505, 502]
[514, 504, 502]
[513, 502, 503]
[513, 506, 504]
[513, 503, 505]
[514, 504, 504]
[515, 505, 507]
[515, 504, 504]
[513, 505, 503]
[515, 504, 503]
[515, 504, 504]
[513, 503, 505]
[515, 504, 503]
[516, 503, 505]
[512, 503, 504]
[513, 508, 504]
[514, 505, 504]
[514, 504, 505]
[514, 503, 505]
[518, 502, 502]
[516, 505, 502]
[514, 502, 502]
[513, 507, 503]
[514, 504, 504]
[513, 505, 505]
[514, 504, 503]
[513, 505, 504]
[516, 505, 502]
[514, 504, 503]
[513, 506, 505]
[516, 505, 504]
[517, 503, 503]
[517, 504, 503]
[513, 504, 503]
[514, 503, 503]
[513, 504, 505]
[515, 505, 504]
[513, 504, 504]
[513, 503, 504]
[514, 505, 502]
[515, 503, 502]
[515, 502, 503]
[513, 504, 505]
[516, 503, 503]
[513, 503, 503]
[512, 502, 505]
[513, 503, 502]
[514, 502, 504]
[514, 504, 504]
[513, 503, 503]
[514, 504, 503]
[515, 504, 502]
[514, 503, 505]
[515, 503, 502]
[514, 504, 507]
[518, 502, 503]
[513, 503, 503]
[515, 505, 502]
[514, 505, 503]
[514, 504, 502]
[514, 504, 502]
[515, 504, 504]
[515, 506, 502]
[515, 505, 502]
[514, 507, 503]
[513, 504, 504]
[513, 503, 506]
[516, 504, 503]
[512, 504, 503]
[514, 505, 503]
[515, 507, 503]
[514, 505, 503]
[515, 503, 503]
[515, 502, 504]
[516, 504, 504]
[514, 504, 504]
[515, 504, 503]
[513, 504, 506]
[516, 507, 505]
[517, 504, 504]
[517, 505, 506]
[513, 504, 503]
[514, 504, 504]
[514, 504, 502]
[513, 503, 503]
[513, 505, 506]
[516, 504, 504]
[514, 505, 505]
[513, 504, 504]
[515, 504, 502]
[514, 503, 503]
[514, 502, 504]
[514, 504, 505]
[514, 504, 505]
[514, 503, 505]
[513, 504, 504]
[515, 504, 503]
[513, 505, 506]
[515, 506, 502]
[514, 507, 504]
[515, 503, 503]
[516, 505, 506]
[514, 505, 504]
[518, 503, 503]
[513, 503, 503]
[515, 503, 503]
[512, 504, 504]
[514, 504, 504]
[514, 504, 505]
[512, 503, 505]
[516, 506, 504]
[515, 504, 504]
[514, 507, 504]
[514, 505, 502]
[514, 505, 503]
[518, 503, 503]
[514, 504, 503]
[513, 504, 504]
[514, 505, 503]
[512, 504, 506]
[514, 505, 504]
[514, 504, 507]
[518, 505, 505]
[514, 504, 504]
[517, 503, 503]
[516, 504, 503]
[516, 505, 502]
[515, 506, 503]
[514, 503, 505]
[512, 503, 506]
[513, 505, 504]
[513, 504, 504]
[516, 503, 503]
[514, 507, 505]
[515, 505, 502]
[514, 506, 503]
[514, 502, 504]
[513, 507, 504]
[514, 503, 503]
[517, 507, 508]
[513, 504, 505]
[513, 506, 505]
[514, 504, 503]
[514, 504, 504]
[515, 503, 503]
[515, 503, 505]
[519, 503, 504]
[515, 507, 508]
[515, 504, 503]
[515, 505, 503]
[513, 504, 506]
[514, 504, 504]
[514, 504, 506]
[517, 505, 504]
[519, 508, 506]
[515, 506, 507]
[514, 505, 503]
[516, 503, 504]
[516, 504, 504]
[513, 503, 503]
[513, 506, 503]
[513, 505, 503]
[518, 509, 506]
[514, 504, 503]
[514, 504, 504]
[515, 503, 503]
[514, 503, 503]
[515, 503, 503]
[514, 506, 505]
[513, 503, 505]
[521, 507, 506]
[515, 506, 504]
[516, 504, 504]
[516, 506, 502]
[519, 503, 503]
[514, 502, 503]
[515, 505, 506]
[515, 505, 504]
[519, 508, 508]
[513, 504, 504]
[513, 504, 504]
[516, 507, 504]
[514, 505, 504]
[516, 507, 505]
[514, 504, 503]
[514, 504, 505]
[517, 508, 508]
[514, 505, 503]
[516, 503, 504]
[514, 503, 503]
[514, 506, 505]
[514, 506, 503]
[514, 506, 506]
[514, 504, 503]
[517, 507, 510]
[517, 503, 505]
[515, 503, 503]
[516, 506, 503]
[514, 504, 504]
[515, 505, 506]
[514, 504, 504]
[520, 508, 508]
[522, 508, 506]
[513, 506, 503]
[514, 508, 504]
[515, 503, 504]
[513, 505, 505]
[514, 503, 504]
[515, 507, 503]
[520, 505, 503]
[517, 509, 508]
[514, 507, 504]
[514, 504, 503]
[516, 503, 505]
[515, 505, 502]
[514, 503, 503]
[514, 503, 503]
[513, 505, 506]
[516, 508, 508]
[513, 503, 507]
[517, 504, 506]
[514, 504, 505]
[516, 505, 503]
[516, 503, 504]
[515, 503, 503]
[521, 508, 508]
[514, 505, 506]
[513, 504, 503]
[515, 506, 504]
[514, 506, 504]
[515, 504, 505]
[514, 506, 505]
[514, 505, 503]
[519, 509, 506]
[514, 504, 507]
[515, 506, 502]
[514, 503, 503]
[517, 504, 504]
[513, 504, 504]
[513, 506, 504]
[514, 505, 506]
[517, 508, 509]
[515, 504, 505]
[515, 505, 505]
[518, 504, 504]
[515, 503, 504]
[514, 504, 504]
[515, 506, 503]
[514, 504, 506]
[520, 509, 507]
[514, 505, 506]
[515, 505, 505]
[513, 508, 505]
[514, 507, 504]
[514, 507, 504]
[515, 505, 505]
[516, 505, 503]
[519, 508, 508]
[515, 505, 504]
[514, 506, 503]
[512, 505, 504]
[515, 506, 503]
[515, 505, 506]
[516, 504, 504]
[515, 503, 504]
[516, 508, 508]
[517, 504, 504]
[514, 506, 503]
[519, 505, 503]
[514, 505, 506]
[514, 504, 504]
[515, 504, 505]
[517, 504, 503]
[519, 510, 506]
[516, 504, 506]
[516, 504, 504]
[515, 503, 505]
[514, 506, 503]
[514, 507, 504]
[515, 507, 503]
[514, 505, 503]
[514, 506, 506]
[515, 505, 505]
[514, 505, 503]
[516, 504, 503]
[515, 504, 504]
[516, 505, 505]
[517, 504, 504]
[514, 507, 504]
[514, 504, 504]
[514, 507, 509]
[515, 505, 504]
[514, 505, 504]
[519, 504, 505]
[517, 505, 504]
[516, 506, 505]
[514, 504, 503]
[516, 504, 506]
[513, 503, 504]
[517, 503, 503]
[516, 505, 504]
[514, 506, 505]
[515, 508, 503]
[515, 505, 503]
[514, 507, 506]
[516, 504, 503]
[517, 507, 503]
[516, 504, 504]
[514, 504, 504]
[514, 506, 504]
[514, 504, 504]
[515, 504, 506]
[515, 504, 505]
[514, 504, 506]
[518, 504, 503]
[514, 505, 505]
[516, 507, 502]
[515, 505, 505]
[517, 504, 506]
[514, 504, 504]
[516, 504, 504]
[514, 504, 505]
[514, 503, 506]
[513, 508, 505]
[515, 506, 505]
[514, 506, 505]
[514, 506, 503]
[515, 505, 503]
[516, 504, 503]
[514, 503, 505]
[515, 505, 503]
[514, 505, 504]
[513, 504, 506]
[515, 504, 504]
[513, 504, 507]
[519, 506, 505]
[514, 506, 506]
[517, 504, 503]
[516, 506, 504]
[517, 505, 505]
[515, 504, 504]
[515, 505, 506]
[516, 505, 505]
[513, 504, 505]
[514, 506, 504]
[515, 505, 505]
[516, 506, 506]
[517, 505, 502]
[516, 505, 505]
[516, 503, 504]
[515, 507, 504]
[514, 506, 504]
[514, 503, 504]
[513, 504, 508]
[516, 504, 503]
[514, 504, 504]
[516, 505, 505]
[515, 504, 504]
[514, 506, 503]
[516, 503, 504]
[517, 504, 506]
[514, 505, 506]
[516, 503, 504]
[515, 504, 507]
[517, 505, 504]
[513, 507, 505]
[518, 506, 503]
[515, 504, 505]
[514, 506, 503]
[514, 508, 503]
[516, 504, 504]
[515, 507, 504]
[514, 505, 504]
[515, 506, 504]
[513, 505, 506]
[513, 506, 504]
[515, 505, 504]
[515, 505, 505]
[517, 505, 504]
[515, 506, 503]
[515, 503, 503]
[513, 506, 505]
[513, 504, 504]
[515, 506, 504]
[513, 504, 507]
[517, 505, 504]
[514, 505, 506]
[517, 505, 505]
[514, 505, 506]
[515, 504, 504]
[517, 504, 504]
[515, 504, 504]
[513, 504, 505]
[515, 505, 505]
[514, 507, 505]
[514, 505, 504]
[516, 506, 504]
[516, 504, 503]
[517, 507, 504]
[514, 503, 505]
[514, 509, 503]
[515, 503, 505]
[516, 504, 505]
[515, 503, 504]
[514, 503, 504]
[516, 506, 505]
[515, 505, 504]
[515, 506, 506]
[517, 505, 504]
[517, 505, 507]
[515, 504, 505]
[513, 504, 506]
[519, 504, 504]
[514, 505, 505]
[517, 508, 503]
[515, 504, 506]
[515, 506, 506]
[516, 504, 503]
[514, 505, 503]
[517, 505, 503]
[513, 504, 506]
[514, 506, 504]
[513, 505, 506]
[514, 507, 507]
[514, 505, 504]
[514, 505, 504]
[515, 504, 504]
[514, 505, 504]
[516, 507, 503]
[514, 505, 503]
[514, 505, 506]
[514, 503, 503]
[514, 505, 509]
[518, 504, 504]
[513, 504, 506]
[514, 505, 505]
[514, 507, 506]
[514, 505, 505]
[514, 505, 505]
[515, 504, 504]
[514, 505, 503]
[517, 507, 505]
[514, 506, 503]
[514, 506, 504]
[514, 507, 506]
[517, 505, 505]
[514, 507, 504]
[514, 506, 505]
[514, 507, 504]
[514, 505, 505]
[515, 504, 504]
[515, 506, 507]
[515, 504, 504]
[516, 503, 507]
[515, 505, 506]
[515, 505, 506]
[516, 504, 506]
[517, 507, 506]
[517, 505, 505]
[514, 505, 504]
[515, 506, 503]
[515, 505, 504]
[515, 504, 504]
[514, 507, 506]
[514, 505, 505]
[514, 505, 507]
[514, 505, 504]
[515, 508, 504]
[517, 504, 504]
[516, 507, 503]
[514, 505, 504]
[516, 506, 503]
[515, 505, 506]
[514, 504, 503]
[513, 503, 503]
[515, 504, 507]
[516, 504, 504]
[515, 507, 504]
[515, 505, 505]
[515, 508, 506]
[516, 504, 505]
[517, 504, 504]
[516, 504, 508]
[517, 506, 506]
[514, 506, 506]
[516, 505, 505]
[515, 507, 506]
[515, 506, 504]
[517, 506, 504]
[516, 504, 504]
[514, 506, 505]
[515, 508, 505]
[513, 507, 505]
[515, 505, 505]
[514, 508, 506]
[516, 505, 506]
[514, 506, 505]
[513, 505, 504]
[515, 504, 504]
[514, 505, 504]
[515, 504, 506]
[515, 506, 507]
[514, 505, 505]
[515, 505, 506]
[514, 505, 505]
[514, 506, 506]
[517, 506, 506]
[518, 506, 507]
[517, 505, 503]
[515, 504, 504]
[518, 506, 504]
[513, 504, 504]
[515, 505, 504]
[513, 504, 505]
[513, 504, 506]
[514, 506, 504]
[514, 505, 504]
[517, 507, 504]
[514, 504, 506]
[514, 508, 504]
[514, 505, 505]
[514, 505, 506]
[514, 507, 505]
[513, 505, 505]
[516, 505, 504]
[514, 506, 506]
[516, 506, 506]
[514, 508, 505]
[516, 506, 509]
[515, 504, 503]
[516, 504, 505]
[520, 504, 504]
[515, 504, 504]
[516, 506, 504]
[514, 507, 504]
[514, 505, 506]
[514, 505, 505]
[515, 505, 505]
[515, 507, 504]
[514, 508, 505]
[515, 508, 504]
[515, 504, 505]
[515, 506, 508]
[518, 504, 504]
[515, 504, 504]
[514, 506, 506]
[514, 505, 505]
[515, 505, 504]
[515, 506, 504]
[515, 505, 508]
[514, 506, 503]
[516, 506, 506]
[515, 505, 504]
[514, 505, 506]
[516, 505, 505]
[514, 505, 508]
[515, 505, 506]
[514, 505, 504]
[514, 506, 504]
[516, 506, 505]
[515, 505, 505]
[515, 507, 506]
[516, 504, 504]
[513, 507, 504]
[514, 504, 504]
[514, 508, 505]
[516, 505, 506]
[518, 508, 504]
[514, 508, 504]
[515, 506, 504]
[515, 506, 507]
[515, 504, 504]
[513, 505, 505]
[515, 504, 507]
[517, 506, 506]
[514, 507, 505]
[515, 506, 507]
[516, 508, 506]
[516, 504, 506]
[516, 505, 505]
[517, 506, 504]
[514, 505, 505]
[514, 507, 505]
[515, 503, 504]
[515, 504, 506]
[516, 506, 506]
[518, 505, 505]
[516, 505, 505]
[514, 506, 504]
[515, 509, 505]
[515, 507, 505]
[517, 504, 506]
[514, 506, 506]
[516, 504, 504]
[515, 505, 505]
[514, 506, 506]
[514, 508, 505]
[515, 506, 507]
[516, 506, 507]
[515, 506, 507]
[514, 506, 505]
[515, 506, 506]
[517, 505, 505]
[514, 507, 507]
[516, 505, 507]
[515, 505, 506]
[515, 505, 504]
[514, 506, 506]
[515, 505, 504]
[515, 507, 506]
[515, 506, 505]
[515, 508, 504]
[516, 504, 503]
[515, 508, 505]
[515, 506, 505]
[516, 506, 503]
[515, 503, 505]
[515, 504, 504]
[513, 504, 504]
[515, 505, 504]
[515, 506, 505]
[517, 505, 505]
[519, 507, 506]
[517, 506, 505]
[514, 507, 504]
[517, 505, 505]
[515, 504, 507]
[514, 505, 505]
[514, 504, 505]
[514, 506, 506]
[516, 505, 506]
[515, 505, 504]
[515, 506, 505]
[515, 505, 508]
[518, 507, 505]
[516, 505, 505]
[515, 505, 504]
[515, 504, 505]
[514, 506, 504]
[514, 505, 505]
[514, 506, 507]
[514, 506, 505]
[515, 505, 505]
[514, 506, 507]
[520, 506, 506]
[515, 506, 506]
[516, 507, 504]
[515, 505, 505]
[514, 506, 503]
[514, 507, 504]
[514, 504, 504]
[515, 505, 506]
[515, 506, 507]
[516, 508, 506]
[515, 505, 506]
[515, 505, 505]
[515, 505, 504]
[516, 504, 506]
[518, 505, 505]
[515, 507, 504]
[515, 504, 504]
[514, 508, 504]
[515, 506, 507]
[514, 505, 505]
[515, 506, 506]
[520, 507, 504]
[515, 505, 505]
[515, 504, 505]
[515, 507, 508]
[517, 505, 505]
[518, 504, 505]
[515, 505, 505]
[514, 505, 506]
[514, 507, 505]
[514, 505, 505]
[515, 505, 504]
[516, 505, 506]
[518, 506, 505]
[517, 506, 505]
[515, 504, 504]
[514, 508, 506]
[514, 505, 506]
[516, 508, 506]
[514, 505, 508]
[514, 507, 504]
[515, 505, 505]
[517, 505, 504]
[515, 507, 504]
[514, 505, 506]
[518, 505, 507]
[513, 505, 507]
[514, 505, 506]
[517, 506, 505]
[514, 505, 507]
[516, 506, 504]
[516, 505, 507]
[516, 506, 505]
[515, 505, 504]
[513, 505, 505]
[516, 504, 506]
[515, 505, 505]
[514, 506, 504]
[515, 506, 506]
[516, 506, 508]
[516, 507, 505]
[516, 504, 504]
[517, 505, 505]
[515, 507, 506]
[517, 507, 505]
[514, 505, 505]
[514, 505, 508]
[514, 506, 505]
[515, 507, 506]
[515, 507, 504]
[516, 505, 507]
[516, 506, 503]
[516, 508, 506]
[518, 506, 504]
[516, 505, 507]
[514, 505, 505]
[516, 505, 506]
[515, 505, 505]
[514, 505, 505]
[515, 507, 506]
[515, 506, 507]
[517, 507, 504]
[515, 506, 504]
[516, 506, 504]
[516, 505, 505]
[514, 504, 505]
[515, 505, 505]
[514, 505, 506]
[517, 505, 505]
[515, 506, 505]
[515, 506, 505]
[517, 505, 504]
[515, 508, 504]
[517, 504, 505]
[515, 506, 509]
[514, 505, 507]
[515, 505, 505]
[514, 504, 507]
[518, 505, 505]
[514, 506, 507]
[514, 507, 506]
[515, 505, 508]
[515, 506, 506]
[514, 508, 505]
[516, 507, 508]
[516, 508, 504]
[515, 506, 504]
[515, 506, 504]
[515, 506, 505]
[515, 504, 507]
[514, 505, 506]
[515, 505, 508]
[518, 505, 505]
[514, 505, 505]
[515, 507, 504]
[515, 508, 505]
[516, 507, 504]
[516, 505, 504]
[515, 506, 504]
[518, 505, 505]
[516, 506, 504]
[516, 506, 505]
[515, 506, 506]
[515, 506, 507]
[517, 507, 505]
[517, 507, 504]
[517, 506, 504]
[516, 508, 504]
[516, 506, 504]
[516, 505, 505]
[514, 507, 507]
[517, 505, 505]
[515, 506, 506]
[514, 507, 505]
[516, 507, 504]
[514, 508, 507]
[518, 505, 505]
[516, 505, 505]
[516, 506, 506]
[515, 506, 506]
[516, 505, 505]
[515, 506, 505]
[515, 506, 508]
[514, 506, 508]
[517, 506, 507]
[515, 506, 505]
[518, 508, 504]
[516, 506, 505]
[515, 507, 506]
[514, 505, 506]
[515, 505, 506]
[516, 507, 507]
[513, 505, 506]
[516, 507, 506]
[516, 507, 507]
[517, 508, 504]
[516, 507, 505]
[516, 505, 506]
[515, 507, 506]
[516, 505, 505]
[517, 505, 505]
[515, 505, 505]
[516, 506, 506]
[515, 509, 505]
[515, 506, 507]
[516, 505, 505]
[516, 506, 504]
[519, 505, 505]
[517, 505, 506]
[517, 505, 505]
[515, 507, 505]
[516, 505, 506]
[515, 506, 506]
[516, 505, 505]
[515, 507, 505]
[517, 507, 507]
[515, 508, 505]
[515, 507, 504]
[516, 507, 506]
[517, 505, 505]
[515, 505, 507]
[515, 506, 505]
[517, 506, 506]
[514, 506, 506]
[514, 506, 506]
[515, 505, 506]
[515, 506, 508]
[516, 507, 507]
[517, 507, 504]
[518, 506, 506]
[517, 507, 505]
[516, 508, 506]
[516, 505, 506]
[514, 506, 506]
[516, 509, 506]
[516, 507, 505]
[518, 506, 506]
[515, 506, 506]
[515, 508, 504]
[516, 507, 505]
[517, 504, 506]
[515, 508, 505]
[515, 505, 506]
[519, 507, 506]
[515, 506, 506]
[513, 507, 506]
[514, 506, 506]
[515, 506, 508]
[515, 506, 506]
[515, 506, 506]
[518, 505, 507]
[515, 508, 505]
[514, 508, 506]
[515, 505, 505]
[516, 504, 510]
[520, 507, 507]
[515, 506, 507]
[516, 507, 507]
[514, 507, 507]
[516, 507, 504]
[517, 506, 506]
[517, 507, 508]
[516, 506, 506]
[517, 505, 504]
[516, 507, 505]
[515, 505, 505]
[514, 508, 507]
[517, 507, 505]
[516, 507, 505]
[516, 507, 506]
[516, 509, 504]
[518, 506, 506]
[516, 505, 505]
[515, 507, 507]
[516, 505, 506]
[514, 505, 508]
[516, 507, 507]
[515, 507, 505]
[518, 506, 508]
[515, 507, 507]
[516, 509, 506]
[515, 505, 505]
[516, 507, 507]
[514, 506, 505]
[514, 505, 505]
[517, 507, 507]
[516, 506, 506]
[514, 508, 507]
[517, 507, 505]
[516, 509, 507]
[515, 506, 504]
[517, 507, 506]
[517, 505, 506]
[514, 505, 506]
[515, 509, 505]
[514, 505, 505]
[515, 505, 509]
[515, 506, 505]
[517, 507, 507]
[520, 507, 505]
[516, 506, 507]
[517, 508, 506]
[515, 506, 505]
[517, 507, 507]
[516, 507, 507]
[518, 506, 505]
[518, 506, 504]
[516, 507, 504]
[515, 507, 505]
[516, 506, 506]
[518, 507, 508]
[514, 505, 506]
[515, 507, 505]
[515, 507, 507]
[515, 507, 505]
[516, 505, 505]
[516, 509, 507]
[513, 505, 507]
[516, 507, 505]
[516, 506, 506]
[518, 505, 504]
[516, 505, 505]
[515, 505, 505]
[515, 506, 507]
[515, 506, 506]
[516, 509, 507]
[516, 506, 506]
[517, 506, 505]
[518, 507, 506]
[516, 506, 505]
[515, 506, 506]
[515, 506, 506]
[516, 506, 505]
[514, 506, 507]
[516, 505, 506]
[514, 508, 506]
[514, 508, 506]
[516, 510, 505]
[515, 505, 505]
[516, 508, 506]
[515, 506, 506]
[519, 506, 506]
[514, 505, 506]
[515, 508, 505]
[515, 509, 505]
[515, 507, 508]
[517, 506, 505]
[515, 507, 504]
[519, 506, 507]
[518, 509, 505]
[515, 508, 504]
[516, 506, 505]
[515, 506, 509]
[521, 505, 505]
[515, 505, 506]
[517, 505, 505]
[515, 507, 505]
[516, 508, 506]
[517, 506, 506]
[515, 505, 509]
[517, 507, 506]
[517, 504, 505]
[517, 506, 504]
[515, 506, 505]
[514, 506, 506]
[517, 506, 506]
[515, 506, 507]
[515, 506, 506]
[516, 509, 506]
[516, 508, 507]
[517, 506, 506]
[516, 507, 508]
[518, 507, 505]
[516, 504, 507]
[517, 505, 505]
[515, 509, 507]
[517, 507, 505]
[516, 507, 505]
[516, 506, 504]
[516, 506, 506]
[515, 508, 506]
[515, 508, 504]
[518, 506, 506]
[518, 507, 508]
[517, 506, 506]
[515, 510, 506]
[515, 505, 506]
[515, 510, 505]
[516, 507, 506]
[519, 506, 506]
[517, 505, 505]
[515, 505, 505]
[515, 508, 505]
[515, 507, 505]
[515, 507, 508]
[516, 507, 505]
[517, 505, 508]
[520, 507, 507]
[515, 506, 506]
[517, 507, 506]
[516, 506, 504]
[517, 505, 506]
[515, 506, 508]
[515, 506, 507]
[518, 505, 506]
[514, 507, 507]
[516, 507, 506]
[516, 507, 506]
[517, 508, 504]
[515, 505, 506]
[514, 508, 506]
[517, 507, 506]
[514, 509, 506]
[514, 508, 506]
[514, 506, 508]
[517, 507, 507]
[515, 506, 506]
[515, 506, 506]
[518, 506, 505]
[515, 506, 507]
[516, 509, 504]
[516, 505, 507]
[517, 505, 506]
[515, 508, 506]
[516, 506, 506]
[515, 506, 506]
[518, 506, 509]
[518, 506, 505]
[516, 507, 506]
[517, 507, 507]
[516, 507, 504]
[515, 507, 505]
[518, 506, 506]
[516, 507, 505]
[514, 507, 505]
[514, 509, 507]
[515, 506, 506]
[515, 505, 505]
[515, 506, 506]
[520, 506, 505]
[515, 506, 504]
[516, 508, 505]
[515, 507, 507]
[516, 505, 506]
[517, 507, 508]
[518, 505, 505]
[516, 506, 506]
[517, 507, 507]
[515, 507, 507]
[516, 507, 505]
[515, 506, 510]
[514, 507, 507]
[515, 509, 506]
[517, 506, 505]
[516, 508, 505]
[515, 507, 507]
[517, 508, 507]
[515, 506, 508]
[514, 507, 506]
[515, 507, 507]
[516, 508, 507]
[516, 506, 505]
[515, 508, 507]
[517, 505, 506]
[517, 505, 507]
[514, 506, 508]
[516, 505, 505]
[516, 506, 509]
[518, 506, 506]
[514, 509, 506]
[516, 505, 506]
[516, 508, 507]
[516, 507, 506]
[517, 506, 504]
[518, 505, 506]
[518, 508, 505]
[515, 507, 506]
[515, 507, 505]
[515, 508, 508]
[516, 509, 507]
[516, 507, 505]
[516, 508, 506]
[515, 505, 505]
[515, 508, 505]
[516, 505, 506]
[515, 506, 507]
[515, 505, 505]
[517, 507, 507]
[517, 506, 505]
[515, 506, 505]
[516, 508, 506]
[517, 507, 505]
[518, 506, 507]
[519, 506, 508]
[516, 505, 505]
[519, 507, 506]
[515, 507, 505]
[517, 508, 506]
[514, 505, 508]
[518, 506, 506]
[515, 507, 506]
[516, 506, 505]
[519, 508, 505]
[516, 505, 505]
[515, 509, 505]
[516, 505, 506]
[514, 508, 508]
[516, 505, 506]
[515, 506, 505]
[518, 508, 505]
[515, 507, 506]
[516, 506, 504]
[515, 506, 507]
[517, 505, 509]
[518, 508, 505]
[515, 506, 507]
[518, 505, 505]
[515, 506, 510]
[520, 509, 506]
[516, 507, 505]
[517, 508, 507]
[515, 506, 506]
[515, 507, 505]
[519, 508, 506]
[516, 507, 505]
[515, 508, 505]
[515, 508, 507]
[515, 509, 508]
[516, 506, 506]
[515, 509, 506]
[518, 508, 507]
[515, 507, 507]
[515, 508, 507]
[516, 507, 505]
[515, 506, 508]
[522, 505, 505]
[515, 507, 506]
[515, 506, 506]
[517, 505, 508]
[516, 507, 507]
[515, 505, 506]
[516, 506, 510]
[517, 506, 506]
[516, 507, 505]
[518, 507, 504]
[517, 507, 505]
[515, 507, 507]
[519, 505, 507]
[515, 507, 506]
[515, 507, 507]
[515, 510, 506]
[517, 507, 506]
[516, 508, 506]
[516, 508, 508]
[517, 506, 506]
[517, 508, 505]
[515, 506, 505]
[516, 509, 507]
[517, 507, 507]
[514, 507, 508]
[515, 508, 508]
[516, 507, 508]
[517, 508, 508]
[515, 506, 507]
[518, 506, 506]
[517, 506, 507]
[519, 505, 504]
[515, 506, 505]
[515, 506, 505]
[516, 509, 509]
[515, 506, 506]
[516, 507, 506]
[518, 508, 505]
[517, 508, 505]
[516, 509, 506]
[516, 509, 504]
[515, 505, 507]
[516, 506, 505]
[519, 505, 505]
[518, 506, 506]
[515, 507, 506]
[515, 509, 506]
[515, 507, 507]
[516, 508, 507]
[517, 507, 510]
[517, 507, 506]
[517, 507, 506]
[517, 506, 506]
[516, 508, 506]
[517, 506, 507]
[516, 508, 508]
[516, 507, 507]
[514, 506, 506]
[515, 510, 507]
[515, 508, 505]
[516, 506, 505]
[515, 507, 507]
[516, 507, 508]
[516, 508, 506]
[515, 506, 506]
[517, 510, 506]
[515, 507, 508]
[515, 507, 507]
[517, 506, 506]
[517, 507, 506]
[516, 509, 506]
[516, 505, 505]
[518, 505, 507]
[516, 505, 507]
[519, 507, 508]
[518, 506, 506]
[515, 506, 507]
[518, 509, 507]
[515, 506, 507]
[519, 507, 504]
[516, 507, 508]
[517, 508, 506]
[515, 506, 507]
[515, 506, 509]
[516, 508, 506]
[516, 508, 508]
[519, 508, 506]
[516, 508, 505]
[515, 511, 506]
[516, 509, 506]
[516, 508, 507]
[516, 505, 505]
[515, 507, 507]
[521, 506, 505]
[515, 507, 507]
[515, 507, 505]
[515, 508, 505]
[515, 506, 508]
[518, 506, 505]
[517, 506, 507]
[521, 505, 505]
[516, 505, 507]
[517, 508, 507]
[514, 506, 506]
[515, 507, 509]
[517, 506, 505]
[515, 505, 506]
[514, 506, 507]
[516, 507, 507]
[516, 510, 506]
[517, 507, 505]
[515, 508, 506]
[515, 506, 505]
[516, 508, 506]
[515, 506, 507]
[515, 507, 505]
[514, 506, 510]
[515, 507, 505]
[515, 506, 509]
[516, 508, 507]
[517, 507, 509]
[518, 508, 507]
[517, 506, 507]
[516, 505, 506]
[514, 506, 507]
[518, 508, 506]
[515, 506, 507]
[515, 507, 506]
[518, 507, 508]
[519, 508, 506]
[516, 507, 505]
[516, 506, 507]
[515, 508, 507]
[515, 506, 506]
[515, 507, 507]
[517, 506, 506]
[514, 507, 506]
[516, 509, 506]
[515, 507, 506]
[517, 506, 509]
[516, 508, 508]
[518, 506, 506]
[518, 507, 505]
[515, 505, 507]
[516, 507, 506]
[516, 508, 508]
[518, 506, 507]
[515, 506, 510]
[518, 506, 506]
[519, 506, 506]
[517, 508, 505]
[517, 509, 505]
[517, 507, 508]
[519, 507, 508]
[517, 506, 508]
[516, 506, 506]
[516, 507, 507]
[515, 507, 506]
[514, 508, 506]
[515, 509, 508]
[516, 507, 507]
[516, 509, 507]
[516, 507, 506]
[516, 506, 506]
[516, 507, 507]
[516, 509, 505]
[516, 507, 508]
[516, 508, 509]
[515, 507, 509]
[514, 505, 506]
[515, 506, 507]
[516, 508, 506]
[517, 507, 506]
[517, 506, 505]
[516, 506, 508]
[517, 506, 506]
[516, 506, 505]
[519, 506, 506]
[516, 506, 506]
[515, 506, 507]
[515, 511, 506]
[516, 506, 506]
[516, 507, 506]
[516, 506, 506]
[522, 508, 506]
[518, 508, 505]
[516, 508, 507]
[515, 507, 506]
[515, 505, 505]
[518, 507, 507]
[515, 508, 506]
[517, 507, 509]
[518, 508, 506]
[516, 510, 507]
[516, 508, 505]
[516, 506, 512]
[518, 506, 506]
[516, 507, 508]
[517, 506, 506]
[515, 506, 507]
[515, 509, 506]
[517, 509, 506]
[515, 507, 508]
[515, 507, 506]
[516, 508, 507]
[517, 509, 506]
[517, 508, 505]
[516, 506, 507]
[517, 506, 505]
[516, 506, 507]
[516, 506, 506]
[515, 507, 507]
[515, 506, 506]
[516, 507, 506]
[516, 508, 509]
[515, 507, 507]
[516, 508, 509]
[517, 508, 505]
[517, 506, 505]
[516, 507, 508]
[519, 507, 505]
[515, 506, 506]
[514, 507, 507]
[515, 506, 507]
[516, 507, 509]
[516, 507, 507]
[516, 508, 507]
[516, 508, 506]
[516, 509, 505]
[515, 506, 506]
[516, 507, 506]
[517, 506, 509]
[518, 507, 507]
[515, 506, 506]
[517, 507, 507]
[516, 507, 508]
[516, 508, 506]
[517, 508, 507]
[516, 506, 507]
[516, 508, 509]
[518, 508, 505]
[518, 508, 506]
[516, 507, 506]
[516, 508, 508]
[517, 507, 507]
[516, 508, 509]
[515, 506, 506]
[516, 510, 506]
[517, 508, 506]
[517, 508, 506]
[516, 506, 507]
[516, 507, 509]
[516, 507, 506]
[515, 509, 506]
[516, 506, 506]
[515, 507, 509]
[518, 507, 506]
[516, 509, 506]
[516, 507, 507]
[516, 509, 506]
[517, 506, 506]
[516, 505, 505]
[515, 507, 510]
[518, 507, 506]
[515, 506, 509]
[517, 508, 508]
[517, 509, 508]
[516, 506, 506]
[517, 506, 508]
[516, 507, 507]
[518, 507, 507]
[515, 508, 506]
[515, 506, 508]
[515, 507, 507]
[516, 507, 506]
[521, 507, 506]
[517, 506, 505]
[515, 509, 505]
[516, 511, 506]
[516, 507, 507]
[516, 506, 506]
[516, 507, 509]
[517, 506, 506]
[517, 506, 506]
[515, 507, 507]
[517, 506, 507]
[515, 505, 507]
[518, 506, 507]
[516, 507, 506]
[516, 507, 508]
[517, 506, 506]
[515, 507, 509]
[516, 507, 508]
[515, 507, 510]
[517, 506, 506]
[516, 508, 507]
[518, 506, 506]
[517, 508, 505]
[515, 508, 507]
[515, 506, 506]
[516, 506, 508]
[514, 508, 507]
[516, 509, 508]
[517, 510, 507]
[517, 509, 506]
[516, 508, 508]
[520, 507, 505]
[517, 506, 507]
[516, 505, 505]
[515, 508, 505]
[516, 506, 507]
[519, 506, 506]
[515, 507, 507]
[516, 507, 506]
[516, 508, 509]
[517, 508, 507]
[517, 508, 506]
[520, 508, 505]
[518, 506, 507]
[517, 509, 507]
[516, 507, 506]
[516, 507, 508]
[515, 507, 507]
[516, 507, 507]
[517, 506, 507]
[516, 506, 507]
[515, 507, 507]
[516, 507, 506]
[516, 507, 507]
[517, 508, 508]
[517, 507, 506]
[517, 506, 506]
[516, 506, 506]
[515, 509, 507]
[518, 506, 507]
[517, 507, 511]
[516, 507, 508]
[518, 506, 508]
[516, 506, 505]
[515, 506, 507]
[518, 506, 506]
[516, 507, 508]
[517, 507, 506]
[515, 506, 506]
[515, 507, 506]
[518, 510, 506]
[516, 508, 506]
[517, 507, 506]
[517, 506, 507]
[516, 507, 505]
[518, 506, 505]
[516, 507, 505]
[518, 508, 506]
[516, 507, 507]
[516, 509, 506]
[517, 507, 508]
[516, 506, 507]
[516, 507, 506]
[517, 507, 508]
[517, 507, 506]
[517, 506, 509]
[518, 508, 507]
[515, 507, 510]
