[320, 290, 291]
[329, 292, 290]
[325, 291, 289]
[328, 290, 288]
[326, 290, 290]
[326, 291, 290]
[328, 291, 289]
[320, 418, 203]
[196, 126, 118]
[200, 123, 118]
[201, 124, 116]
[197, 127, 120]
[200, 126, 116]
[198, 128, 116]
[195, 126, 117]
[195, 127, 118]
[196, 126, 118]
[204, 135, 120]
[202, 125, 120]
[189, 125, 120]
[191, 122, 119]
[189, 125, 120]
[197, 123, 117]
[198, 126, 119]
[197, 126, 121]
[195, 123, 118]
[195, 126, 119]
[195, 123, 118]
[201, 127, 119]
[199, 127, 117]
[204, 126, 116]
[201, 124, 117]
[201, 126, 116]
[188, 127, 121]
[189, 126, 122]
[200, 129, 119]
[202, 128, 120]
[200, 128, 121]
[194, 127, 120]
[196, 127, 120]
[197, 128, 123]
[202, 127, 126]
[196, 128, 121]
[198, 128, 121]
[204, 126, 122]
[201, 126, 122]
[202, 126, 119]
[193, 128, 120]
[198, 125, 121]
[197, 128, 119]
[196, 128, 120]
[199, 128, 120]
[202, 127, 121]
[200, 128, 119]
[199, 127, 121]
[199, 128, 117]
[196, 127, 121]
[201, 131, 122]
[206, 127, 122]
[202, 129, 122]
[196, 130, 122]
[200, 127, 122]
[199, 129, 124]
[194, 127, 122]
[193, 128, 122]
[203, 128, 126]
[202, 128, 122]
[194, 128, 121]
[195, 128, 120]
[202, 128, 121]
[198, 129, 124]
[199, 130, 122]
[198, 132, 122]
[202, 129, 122]
[207, 130, 120]
[207, 128, 124]
[192, 128, 124]
[192, 129, 124]
[197, 129, 124]
[197, 129, 124]
[197, 130, 124]
[202, 132, 124]
[197, 126, 124]
[195, 128, 124]
[196, 130, 125]
[199, 130, 124]
[200, 128, 121]
[199, 130, 124]
[205, 130, 124]
[207, 130, 123]
[197, 130, 122]
[195, 127, 124]
[203, 130, 123]
[200, 127, 121]
[199, 132, 124]
[200, 127, 124]
[200, 130, 121]
[200, 132, 125]
[200, 134, 122]
[204, 132, 122]
[205, 131, 123]
[203, 129, 124]
[202, 131, 123]
[204, 134, 124]
[203, 132, 123]
[208, 133, 125]
[195, 129, 125]
[196, 128, 123]
[197, 130, 125]
[199, 128, 126]
[201, 131, 125]
[201, 131, 125]
[204, 130, 125]
[205, 132, 123]
[205, 130, 121]
[202, 132, 120]
[202, 132, 122]
[210, 132, 121]
[214, 131, 122]
[192, 130, 126]
[191, 127, 122]
[194, 128, 125]
[204, 132, 127]
[206, 132, 124]
[204, 132, 126]
[205, 133, 125]
[200, 131, 126]
[200, 132, 127]
[205, 132, 126]
[205, 132, 129]
[202, 130, 128]
[203, 131, 125]
[201, 129, 124]
[200, 130, 124]
[202, 133, 126]
[201, 130, 124]
[203, 136, 126]
[197, 133, 127]
[199, 132, 124]
[200, 131, 127]
[205, 133, 124]
[205, 131, 126]
[204, 132, 124]
[203, 133, 125]
[203, 134, 126]
[202, 134, 126]
[203, 134, 127]
[210, 137, 128]
[211, 136, 128]
[193, 132, 126]
[192, 130, 127]
[203, 134, 128]
[203, 132, 128]
[201, 133, 129]
[202, 133, 125]
[202, 134, 128]
[204, 136, 124]
[205, 134, 126]
[207, 133, 128]
[206, 134, 128]
[206, 135, 125]
[201, 135, 125]
[201, 134, 128]
[200, 131, 128]
[199, 134, 128]
[202, 132, 130]
[200, 134, 127]
[203, 134, 128]
[202, 134, 128]
[207, 133, 129]
[205, 134, 128]
[207, 135, 126]
[201, 133, 127]
[204, 133, 128]
[208, 136, 127]
[210, 135, 128]
[208, 134, 128]
[207, 133, 128]
[197, 135, 127]
[197, 136, 128]
[200, 135, 128]
[207, 136, 129]
[203, 136, 128]
[204, 136, 128]
[202, 133, 130]
[204, 133, 132]
[206, 136, 126]
[205, 132, 126]
[208, 135, 128]
[207, 133, 129]
[206, 134, 129]
[207, 135, 129]
[204, 135, 125]
[205, 133, 129]
[202, 136, 129]
[207, 136, 129]
[200, 135, 129]
[207, 135, 131]
[205, 134, 127]
[208, 138, 127]
[208, 137, 129]
[204, 135, 129]
[201, 136, 129]
[207, 136, 130]
[206, 134, 128]
[208, 134, 131]
[206, 134, 130]
[203, 135, 132]
[199, 133, 131]
[199, 133, 128]
[210, 135, 130]
[208, 140, 130]
[207, 136, 128]
[204, 135, 130]
[207, 138, 128]
[205, 138, 130]
[205, 138, 131]
[209, 140, 131]
[208, 138, 130]
[208, 138, 130]
[208, 136, 130]
[203, 135, 131]
[202, 134, 131]
[204, 136, 133]
[211, 134, 132]
[203, 135, 132]
[203, 138, 129]
[207, 136, 130]
[211, 136, 128]
[209, 138, 128]
[208, 136, 128]
[202, 135, 130]
[203, 134, 128]
[210, 139, 130]
[210, 138, 131]
[203, 135, 128]
[201, 138, 130]
[200, 138, 131]
[203, 137, 132]
[204, 138, 132]
[215, 140, 132]
[210, 137, 131]
[201, 135, 133]
[204, 138, 129]
[208, 139, 129]
[208, 136, 131]
[209, 137, 132]
[207, 138, 132]
[206, 136, 129]
[207, 136, 133]
[207, 137, 130]
[200, 136, 131]
[204, 138, 130]
[201, 137, 131]
[202, 138, 132]
[204, 137, 129]
[208, 138, 131]
[205, 141, 130]
[203, 137, 132]
[200, 138, 132]
[194, 138, 135]
[199, 138, 132]
[210, 140, 133]
[210, 137, 131]
[210, 139, 133]
[198, 136, 130]
[197, 140, 132]
[196, 136, 135]
[196, 136, 133]
[202, 138, 132]
[204, 136, 128]
[199, 138, 132]
[203, 141, 127]
[198, 138, 131]
[200, 138, 133]
[199, 139, 134]
[212, 140, 134]
[208, 141, 136]
[207, 140, 133]
[205, 139, 131]
[209, 138, 131]
[196, 138, 134]
[196, 136, 134]
[205, 139, 131]
[204, 134, 132]
[203, 137, 134]
[205, 135, 131]
[204, 137, 132]
[203, 138, 135]
[206, 137, 132]
[197, 136, 132]
[198, 137, 130]
[211, 136, 133]
[211, 138, 131]
[207, 137, 131]
[201, 140, 130]
[209, 141, 134]
[203, 140, 134]
[205, 139, 134]
[200, 140, 136]
[201, 141, 134]
[194, 137, 134]
[197, 140, 134]
[196, 140, 134]
[197, 141, 135]
[190, 136, 134]
[192, 135, 134]
[191, 137, 133]
[189, 138, 132]
[189, 140, 132]
[183, 136, 133]
[184, 138, 134]
[173, 137, 130]
[173, 135, 134]
[170, 135, 134]
[159, 135, 134]
[160, 135, 132]
[156, 133, 132]
[160, 135, 132]
[156, 132, 133]
[160, 137, 134]
[154, 137, 136]
[152, 132, 133]
[151, 134, 136]
[154, 133, 133]
[154, 132, 133]
[153, 135, 135]
[152, 132, 132]
[157, 136, 135]
[154, 132, 132]
[154, 133, 132]
[152, 135, 134]
[152, 133, 134]
[155, 135, 136]
[154, 134, 133]
[156, 131, 131]
[154, 134, 134]
[153, 135, 134]
[154, 135, 134]
[152, 137, 135]
[158, 135, 134]
[153, 135, 132]
[153, 135, 136]
[154, 134, 133]
[153, 136, 135]
[154, 132, 136]
[152, 132, 130]
[153, 133, 136]
[151, 135, 134]
[155, 132, 132]
[152, 133, 137]
[157, 137, 136]
[154, 135, 135]
[154, 133, 135]
[153, 135, 132]
[156, 133, 132]
[153, 136, 132]
[156, 137, 132]
[154, 136, 131]
[157, 135, 131]
[158, 138, 134]
[152, 137, 133]
[156, 135, 136]
[156, 137, 133]
[153, 135, 133]
[156, 133, 133]
[156, 135, 135]
[156, 138, 133]
[152, 137, 140]
[152, 134, 136]
[153, 137, 136]
[150, 135, 134]
[154, 135, 136]
[155, 135, 136]
[154, 134, 135]
[152, 137, 136]
[154, 138, 134]
[156, 133, 133]
[156, 133, 135]
[154, 133, 132]
[155, 135, 136]
[152, 133, 136]
[153, 133, 132]
[154, 134, 136]
[155, 136, 131]
[154, 139, 135]
[152, 134, 133]
[153, 135, 135]
[156, 139, 132]
[155, 137, 135]
[154, 136, 133]
[154, 138, 133]
[149, 137, 138]
[152, 135, 136]
[156, 135, 138]
[154, 134, 135]
[154, 134, 136]
[154, 135, 132]
[153, 132, 136]
[153, 133, 132]
[152, 135, 134]
[153, 135, 135]
[154, 137, 134]
[153, 133, 134]
[150, 135, 135]
[154, 137, 135]
[156, 136, 134]
[156, 135, 138]
[170, 138, 136]
[163, 138, 137]
[183, 140, 137]
[183, 139, 136]
[192, 139, 135]
[190, 140, 136]
[192, 141, 136]
[206, 143, 135]
[207, 141, 138]
[201, 138, 136]
[200, 139, 134]
[203, 142, 136]
[203, 137, 138]
[215, 141, 135]
[216, 143, 133]
[216, 142, 136]
[207, 140, 136]
[212, 143, 136]
[206, 142, 136]
[208, 143, 134]
[213, 143, 134]
[213, 144, 137]
[217, 145, 137]
[214, 142, 134]
[211, 144, 138]
[214, 144, 137]
[217, 144, 138]
[208, 144, 138]
[208, 146, 138]
[220, 146, 138]
[219, 146, 139]
[208, 143, 138]
[209, 141, 137]
[208, 141, 134]
[219, 142, 136]
[217, 142, 138]
[221, 143, 137]
[222, 148, 136]
[224, 147, 138]
[227, 148, 136]
[224, 148, 137]
[239, 147, 140]
[238, 149, 136]
[244, 149, 141]
[241, 152, 138]
[247, 152, 140]
[249, 150, 138]
[250, 151, 139]
[248, 149, 135]
[247, 148, 137]
[247, 152, 137]
[247, 148, 140]
[250, 148, 139]
[249, 152, 139]
[247, 150, 142]
[249, 151, 140]
[247, 147, 140]
[249, 149, 137]
[248, 150, 139]
[249, 151, 139]
[251, 151, 139]
[243, 148, 139]
[243, 151, 139]
[250, 150, 140]
[251, 152, 137]
[249, 151, 142]
[248, 152, 137]
[248, 152, 140]
[248, 155, 140]
[246, 151, 140]
[249, 152, 140]
[248, 152, 141]
[248, 148, 139]
[244, 150, 139]
[246, 151, 140]
[251, 151, 140]
[249, 151, 141]
[250, 152, 138]
[247, 149, 141]
[250, 153, 144]
[247, 155, 140]
[249, 153, 139]
[253, 151, 140]
[254, 153, 139]
[248, 153, 139]
[249, 154, 139]
[250, 155, 142]
[248, 155, 139]
[249, 156, 142]
[252, 152, 142]
[250, 153, 142]
[247, 155, 143]
[246, 152, 143]
[251, 152, 141]
[248, 155, 142]
[249, 153, 145]
[253, 154, 144]
[250, 154, 140]
[247, 150, 142]
[249, 152, 141]
[250, 154, 141]
[251, 153, 141]
[242, 153, 141]
[242, 154, 148]
[244, 154, 141]
[243, 154, 146]
[242, 153, 143]
[240, 151, 145]
[240, 152, 142]
[240, 154, 141]
[239, 154, 144]
[244, 154, 143]
[244, 156, 144]
[240, 152, 143]
[241, 152, 143]
[239, 150, 143]
[241, 154, 144]
[242, 152, 144]
[246, 152, 146]
[252, 157, 144]
[240, 153, 141]
[241, 153, 140]
[243, 154, 143]
[244, 156, 143]
[243, 154, 143]
[244, 155, 144]
[244, 153, 139]
[242, 154, 144]
[240, 154, 145]
[246, 156, 147]
[246, 156, 145]
[247, 154, 145]
[248, 155, 146]
[247, 156, 145]
[247, 155, 146]
[249, 156, 146]
[252, 156, 147]
[250, 155, 145]
[253, 155, 143]
[250, 156, 144]
[251, 156, 146]
[255, 156, 147]
[253, 156, 147]
[258, 157, 143]
[255, 157, 144]
[257, 158, 146]
[256, 157, 146]
[256, 158, 148]
[254, 158, 147]
[256, 160, 147]
[254, 158, 145]
[257, 157, 150]
[258, 156, 148]
[253, 158, 145]
[255, 158, 146]
[255, 160, 148]
[254, 156, 144]
[256, 159, 146]
[261, 156, 145]
[257, 158, 146]
[258, 159, 149]
[255, 159, 148]
[257, 160, 149]
[259, 157, 144]
[258, 157, 146]
[258, 159, 148]
[256, 159, 147]
[257, 157, 146]
[253, 158, 147]
[255, 160, 145]
[253, 159, 145]
[253, 158, 148]
[254, 157, 147]
[253, 159, 149]
[254, 160, 147]
[256, 160, 148]
[258, 158, 148]
[259, 157, 149]
[260, 158, 144]
[255, 160, 146]
[257, 157, 149]
[259, 158, 146]
[258, 159, 145]
[259, 162, 148]
[257, 160, 150]
[258, 161, 148]
[257, 161, 147]
[256, 163, 147]
[259, 162, 147]
[260, 162, 149]
[258, 160, 149]
[261, 160, 149]
[257, 160, 147]
[257, 160, 149]
[260, 160, 150]
[255, 158, 150]
[257, 161, 150]
[257, 161, 150]
[257, 158, 151]
[258, 160, 150]
[260, 163, 148]
[260, 162, 147]
[261, 162, 145]
[258, 162, 149]
[260, 162, 148]
[260, 162, 150]
[261, 161, 149]
[269, 165, 151]
[257, 162, 152]
[256, 162, 151]
[256, 164, 152]
[257, 163, 154]
[258, 164, 153]
[258, 163, 151]
[254, 161, 150]
[255, 158, 148]
[255, 162, 148]
[253, 159, 149]
[249, 160, 149]
[241, 160, 150]
[242, 159, 148]
[241, 158, 149]
[240, 161, 150]
[244, 160, 153]
[224, 156, 151]
[226, 158, 152]
[227, 156, 148]
[228, 158, 151]
[224, 157, 151]
[224, 155, 151]
[220, 157, 151]
[219, 157, 150]
[220, 153, 148]
[221, 158, 150]
[230, 156, 152]
[230, 156, 155]
[210, 155, 148]
[210, 154, 150]
[218, 157, 151]
[217, 158, 152]
[215, 156, 151]
[212, 157, 151]
[212, 158, 150]
[216, 157, 150]
[217, 157, 151]
[221, 157, 151]
[220, 156, 153]
[219, 155, 152]
[222, 153, 154]
[219, 157, 152]
[221, 155, 152]
[221, 157, 150]
[214, 154, 150]
[216, 156, 147]
[217, 157, 149]
[217, 157, 153]
[218, 158, 151]
[223, 158, 153]
[223, 157, 150]
[220, 157, 150]
[220, 155, 151]
[220, 159, 154]
[219, 158, 152]
[226, 157, 151]
[224, 159, 151]
[225, 157, 151]
[207, 155, 151]
[211, 158, 153]
[221, 159, 151]
[220, 158, 151]
[217, 157, 151]
[218, 158, 152]
[217, 158, 152]
[219, 157, 153]
[220, 160, 151]
[224, 156, 153]
[222, 157, 152]
[219, 156, 151]
[218, 156, 152]
[219, 159, 153]
[220, 158, 151]
[219, 157, 153]
[218, 156, 152]
[217, 155, 151]
[228, 158, 154]
[219, 160, 153]
[220, 158, 153]
[219, 156, 155]
[220, 157, 154]
[218, 156, 154]
[216, 156, 156]
[220, 159, 154]
[222, 159, 155]
[225, 160, 154]
[223, 157, 154]
[212, 156, 154]
[211, 159, 152]
[222, 157, 152]
[219, 156, 152]
[223, 160, 152]
[221, 158, 152]
[221, 159, 155]
[221, 160, 153]
[222, 157, 154]
[223, 161, 156]
[224, 159, 153]
[223, 160, 154]
[221, 159, 154]
[222, 160, 153]
[221, 157, 154]
[217, 156, 154]
[221, 159, 152]
[221, 159, 154]
[222, 159, 154]
[222, 159, 151]
[223, 158, 152]
[224, 159, 155]
[222, 160, 154]
[218, 160, 153]
[220, 160, 154]
[222, 162, 156]
[221, 160, 155]
[224, 160, 157]
[222, 160, 155]
[225, 159, 156]
[217, 159, 156]
[217, 157, 156]
[224, 158, 153]
[223, 158, 153]
[221, 159, 156]
[222, 160, 158]
[220, 160, 156]
[222, 161, 154]
[225, 163, 155]
[223, 161, 154]
[225, 161, 156]
[224, 159, 156]
[222, 160, 153]
[216, 162, 155]
[218, 160, 155]
[218, 159, 156]
[222, 160, 155]
[219, 160, 156]
[220, 158, 155]
[223, 161, 154]
[223, 160, 156]
[223, 161, 156]
[219, 157, 156]
[221, 160, 158]
[220, 161, 156]
[225, 159, 154]
[227, 162, 156]
[219, 158, 153]
[221, 158, 154]
[222, 159, 156]
[219, 161, 154]
[225, 162, 157]
[224, 162, 158]
[222, 160, 157]
[219, 161, 156]
[220, 163, 156]
[219, 162, 157]
[220, 164, 155]
[222, 160, 155]
[225, 162, 157]
[223, 160, 158]
[228, 160, 153]
[223, 160, 156]
[222, 162, 156]
[222, 160, 155]
[222, 159, 157]
[222, 164, 154]
[226, 162, 157]
[224, 163, 158]
[225, 164, 157]
[224, 163, 155]
[224, 164, 157]
[223, 163, 155]
[222, 164, 155]
[228, 166, 158]
[226, 163, 158]
[216, 162, 157]
[217, 160, 159]
[218, 161, 160]
[223, 161, 158]
[222, 162, 158]
[222, 162, 158]
[223, 163, 158]
[226, 162, 160]
[222, 159, 157]
[223, 161, 158]
[222, 160, 153]
[223, 160, 158]
[224, 163, 158]
[224, 160, 156]
[224, 164, 156]
[228, 165, 157]
[221, 164, 158]
[222, 161, 158]
[223, 164, 159]
[224, 162, 156]
[225, 164, 159]
[224, 161, 158]
[223, 165, 157]
[222, 168, 157]
[225, 161, 158]
[223, 162, 156]
[221, 161, 158]
[222, 161, 157]
[230, 163, 157]
[233, 163, 157]
[226, 161, 156]
[223, 164, 161]
[225, 161, 156]
[224, 163, 158]
[224, 163, 156]
[227, 163, 158]
[225, 164, 157]
[221, 164, 155]
[220, 163, 159]
[226, 165, 159]
[226, 166, 159]
[225, 168, 159]
[229, 165, 159]
[228, 163, 160]
[223, 164, 159]
[224, 165, 159]
[222, 164, 159]
[229, 165, 159]
[222, 163, 158]
[220, 161, 157]
[224, 163, 158]
[225, 163, 159]
[225, 163, 161]
[227, 166, 157]
[225, 164, 156]
[225, 165, 160]
[223, 165, 157]
[229, 167, 158]
[230, 168, 159]
[232, 166, 160]
[222, 165, 161]
[222, 164, 159]
[225, 166, 159]
[224, 163, 160]
[224, 164, 161]
[224, 163, 160]
[223, 162, 160]
[223, 163, 160]
[224, 163, 160]
[226, 162, 162]
[223, 164, 158]
[225, 165, 158]
[228, 166, 161]
[226, 165, 159]
[226, 164, 160]
[225, 166, 160]
[224, 166, 160]
[226, 168, 160]
[222, 168, 159]
[225, 169, 162]
[224, 166, 159]
[227, 164, 162]
[226, 164, 160]
[226, 164, 161]
[227, 168, 160]
[228, 165, 160]
[228, 165, 160]
[229, 165, 161]
[230, 166, 158]
[219, 168, 158]
[219, 165, 162]
[228, 168, 158]
[228, 167, 159]
[228, 166, 159]
[226, 166, 159]
[223, 166, 163]
[226, 168, 159]
[225, 168, 162]
[226, 166, 159]
[228, 165, 162]
[226, 168, 161]
[224, 167, 162]
[224, 168, 162]
[224, 165, 162]
[225, 165, 164]
[223, 167, 160]
[224, 164, 160]
[228, 164, 162]
[227, 164, 162]
[230, 168, 160]
[228, 167, 159]
[228, 167, 162]
[230, 167, 161]
[225, 166, 162]
[225, 168, 162]
[224, 167, 162]
[228, 167, 164]
[226, 167, 161]
[226, 167, 162]
[220, 166, 160]
[222, 166, 162]
[226, 165, 164]
[226, 167, 160]
[225, 167, 160]
[226, 167, 161]
[228, 165, 164]
[226, 163, 162]
[225, 165, 162]
[231, 166, 160]
[232, 168, 161]
[227, 167, 161]
[228, 167, 160]
[226, 167, 160]
[227, 166, 161]
[228, 167, 162]
[226, 168, 162]
[224, 168, 163]
[225, 169, 162]
[228, 167, 164]
[227, 166, 162]
[227, 167, 163]
[226, 168, 164]
[228, 166, 163]
[228, 166, 162]
[230, 169, 164]
[229, 165, 164]
[227, 166, 161]
[226, 167, 161]
[220, 164, 160]
[221, 167, 164]
[234, 169, 161]
[231, 167, 161]
[228, 169, 161]
[226, 171, 164]
[228, 169, 163]
[227, 169, 166]
[230, 169, 161]
[231, 168, 164]
[231, 170, 164]
[227, 166, 163]
[226, 167, 163]
[229, 170, 164]
[224, 168, 164]
[223, 168, 162]
[226, 169, 165]
[226, 168, 164]
[227, 170, 162]
[230, 168, 162]
[232, 167, 162]
[233, 169, 164]
[231, 169, 164]
[228, 166, 166]
[226, 169, 163]
[232, 170, 163]
[232, 170, 162]
[224, 169, 164]
[225, 170, 164]
[226, 168, 165]
[224, 170, 163]
[224, 168, 164]
[229, 172, 165]
[230, 170, 166]
[231, 171, 166]
[227, 168, 164]
[229, 166, 163]
[227, 170, 165]
[227, 170, 163]
[227, 170, 165]
[227, 169, 162]
[229, 169, 164]
[232, 170, 164]
[225, 169, 162]
[226, 170, 165]
[224, 169, 165]
[230, 172, 163]
[232, 167, 165]
[230, 170, 163]
[230, 172, 165]
[231, 171, 168]
[227, 170, 166]
[225, 168, 164]
[224, 170, 166]
[229, 170, 166]
[231, 170, 166]
[230, 174, 168]
[230, 172, 165]
[232, 173, 169]
[227, 170, 165]
[231, 172, 164]
[232, 168, 164]
[232, 169, 165]
[228, 168, 164]
[226, 172, 164]
[227, 169, 166]
[234, 170, 165]
[230, 172, 166]
[233, 172, 166]
[232, 171, 166]
[232, 172, 166]
[232, 173, 167]
[230, 171, 166]
[226, 170, 168]
[228, 170, 169]
[228, 168, 165]
[230, 168, 168]
[231, 169, 165]
[231, 171, 164]
[231, 171, 168]
[229, 172, 165]
[230, 172, 166]
[231, 169, 169]
[228, 169, 166]
[235, 174, 164]
[235, 171, 161]
[227, 172, 166]
[226, 172, 166]
[225, 169, 164]
[230, 173, 166]
[230, 173, 166]
[235, 172, 166]
[230, 170, 167]
[227, 171, 168]
[224, 171, 165]
[231, 174, 167]
[231, 172, 167]
[232, 172, 167]
[233, 173, 167]
[230, 172, 167]
[234, 171, 167]
[234, 172, 165]
[225, 169, 168]
[227, 172, 166]
[227, 172, 165]
[228, 170, 168]
[230, 173, 167]
[232, 173, 165]
[231, 174, 169]
[230, 171, 167]
[231, 173, 168]
[232, 173, 167]
[229, 172, 167]
[232, 173, 167]
[239, 177, 170]
[235, 172, 167]
[225, 172, 166]
[227, 169, 168]
[230, 172, 169]
[228, 170, 168]
[230, 171, 167]
[230, 170, 167]
[232, 172, 169]
[229, 169, 167]
[228, 172, 165]
[234, 171, 167]
[234, 171, 167]
[231, 174, 168]
[231, 171, 168]
[232, 172, 166]
[233, 174, 169]
[234, 172, 167]
[226, 172, 168]
[230, 173, 167]
[232, 172, 167]
[234, 172, 167]
[232, 174, 169]
[232, 175, 166]
[234, 176, 172]
[229, 172, 171]
[229, 176, 169]
[230, 173, 169]
[231, 174, 169]
[237, 173, 169]
[237, 175, 173]
[223, 171, 168]
[225, 173, 172]
[225, 171, 169]
[236, 173, 169]
[232, 171, 169]
[231, 175, 168]
[231, 172, 168]
[232, 173, 170]
[235, 173, 168]
[232, 176, 168]
[235, 175, 168]
[236, 175, 169]
[236, 173, 170]
[232, 175, 170]
[230, 178, 170]
[228, 175, 170]
[232, 177, 172]
[229, 173, 170]
[231, 173, 170]
[231, 174, 168]
[232, 172, 172]
[232, 174, 168]
[234, 175, 168]
[234, 173, 168]
[232, 172, 169]
[234, 175, 170]
[232, 175, 170]
[231, 175, 170]
[234, 175, 173]
[240, 176, 170]
[221, 174, 172]
[226, 174, 170]
[232, 174, 172]
[232, 176, 171]
[233, 175, 172]
[231, 174, 169]
[232, 173, 167]
[233, 172, 171]
[231, 175, 170]
[232, 175, 168]
[231, 177, 172]
[233, 173, 173]
[240, 176, 168]
[236, 175, 169]
[227, 173, 169]
[228, 171, 170]
[234, 176, 171]
[232, 177, 170]
[234, 175, 172]
[233, 174, 172]
[234, 177, 172]
[234, 176, 171]
[233, 175, 171]
[232, 175, 172]
[230, 176, 170]
[235, 175, 172]
[232, 172, 172]
[234, 176, 171]
[233, 175, 169]
[228, 174, 169]
[230, 175, 171]
[228, 174, 171]
[234, 174, 169]
[235, 173, 173]
[236, 175, 171]
[233, 177, 171]
[234, 178, 171]
[233, 176, 170]
[235, 178, 172]
[234, 178, 170]
[235, 178, 172]
[235, 177, 171]
[237, 177, 171]
[228, 176, 171]
[228, 176, 172]
[233, 176, 172]
[232, 174, 172]
[234, 176, 174]
[234, 174, 170]
[235, 176, 172]
[235, 178, 171]
[237, 177, 170]
[231, 176, 172]
[232, 175, 170]
[240, 174, 171]
[240, 177, 173]
[241, 178, 167]
[231, 174, 172]
[230, 177, 170]
[232, 176, 171]
[230, 178, 174]
[236, 178, 172]
[234, 179, 171]
[235, 178, 172]
[232, 176, 173]
[234, 177, 173]
[239, 178, 174]
[237, 176, 171]
[236, 176, 173]
[239, 176, 171]
[235, 177, 173]
[235, 177, 173]
[238, 177, 175]
[228, 176, 174]
[231, 177, 173]
[235, 177, 169]
[237, 178, 171]
[236, 178, 173]
[237, 177, 173]
[235, 178, 173]
[235, 180, 173]
[236, 179, 172]
[236, 179, 173]
[230, 176, 173]
[241, 179, 172]
[239, 176, 172]
[228, 177, 174]
[227, 176, 172]
[230, 176, 173]
[237, 177, 174]
[233, 177, 174]
[237, 176, 174]
[237, 180, 171]
[237, 179, 171]
[234, 178, 173]
[236, 178, 172]
[236, 177, 174]
[235, 178, 172]
[241, 181, 175]
[240, 179, 176]
[238, 179, 174]
[234, 177, 176]
[232, 179, 174]
[232, 178, 174]
[233, 178, 176]
[231, 179, 174]
[232, 178, 176]
[234, 176, 173]
[239, 179, 175]
[235, 176, 174]
[233, 177, 176]
[235, 179, 176]
[236, 176, 174]
[241, 179, 174]
[242, 178, 177]
[242, 180, 176]
[226, 178, 171]
[228, 176, 173]
[235, 179, 173]
[239, 181, 173]
[238, 179, 173]
[238, 181, 175]
[240, 182, 174]
[233, 180, 173]
[233, 180, 175]
[237, 180, 176]
[237, 179, 175]
[237, 178, 176]
[236, 179, 175]
[234, 180, 176]
[234, 186, 175]
[236, 176, 173]
[237, 179, 175]
[238, 179, 173]
[235, 180, 176]
[236, 180, 173]
[239, 177, 175]
[238, 180, 172]
[236, 185, 176]
[236, 178, 175]
[236, 179, 173]
[235, 180, 175]
[236, 178, 172]
[241, 181, 173]
[247, 179, 175]
[231, 179, 175]
[234, 183, 174]
[232, 181, 177]
[236, 178, 176]
[235, 182, 175]
[236, 180, 176]
[233, 177, 176]
[235, 178, 174]
[236, 175, 174]
[238, 178, 176]
[240, 180, 173]
[240, 179, 174]
[243, 179, 174]
[242, 182, 176]
[232, 178, 174]
[232, 179, 175]
[238, 179, 176]
[239, 180, 177]
[234, 181, 176]
[234, 180, 174]
[238, 179, 177]
[241, 182, 176]
[237, 182, 176]
[239, 180, 177]
[239, 179, 177]
[240, 183, 178]
[238, 181, 176]
[238, 179, 176]
[240, 182, 176]
[239, 180, 176]
[231, 179, 176]
[231, 181, 176]
[238, 182, 176]
[237, 180, 176]
[240, 182, 174]
[238, 180, 174]
[240, 184, 174]
[238, 183, 175]
[239, 182, 177]
[239, 180, 177]
[238, 181, 175]
[240, 185, 179]
[240, 181, 181]
[234, 181, 177]
[232, 179, 177]
[231, 179, 177]
[239, 182, 178]
[237, 182, 179]
[235, 180, 177]
[238, 182, 181]
[238, 182, 178]
[239, 182, 178]
[237, 180, 178]
[238, 182, 180]
[239, 179, 178]
[241, 181, 178]
[243, 182, 176]
[241, 184, 177]
[239, 183, 177]
[234, 183, 177]
[233, 183, 177]
[235, 182, 178]
[240, 183, 174]
[240, 183, 175]
[237, 182, 175]
[237, 182, 177]
[237, 180, 177]
[237, 180, 177]
[240, 182, 178]
[241, 180, 178]
[242, 182, 178]
[237, 181, 178]
[236, 182, 177]
[233, 181, 180]
[234, 182, 176]
[237, 181, 179]
[240, 184, 175]
[238, 183, 178]
[238, 184, 177]
[238, 183, 176]
[242, 181, 177]
[238, 188, 182]
[237, 183, 179]
[236, 184, 180]
[241, 182, 179]
[240, 181, 179]
[242, 182, 182]
[233, 182, 179]
[236, 183, 181]
[236, 181, 178]
[239, 182, 180]
[239, 183, 177]
[241, 183, 180]
[239, 183, 178]
[240, 183, 177]
[239, 183, 176]
[239, 183, 176]
[240, 182, 181]
[243, 183, 180]
[242, 185, 181]
[240, 185, 177]
[239, 181, 177]
[240, 183, 179]
[235, 184, 180]
[236, 184, 180]
[236, 184, 180]
[237, 183, 181]
[241, 181, 180]
[241, 182, 179]
[243, 182, 177]
[241, 183, 180]
[242, 182, 179]
[236, 183, 178]
[238, 182, 180]
[245, 184, 180]
[242, 185, 178]
[233, 183, 179]
[236, 184, 177]
[239, 185, 178]
[238, 184, 182]
[238, 183, 180]
[240, 184, 179]
[241, 183, 180]
[237, 184, 180]
[238, 182, 179]
[241, 188, 181]
[240, 184, 178]
[241, 183, 180]
[242, 182, 178]
[241, 182, 178]
[239, 183, 178]
[240, 185, 178]
[240, 185, 179]
[238, 183, 179]
[239, 184, 177]
[239, 184, 178]
[240, 187, 179]
[240, 186, 181]
[240, 186, 181]
[242, 185, 179]
[241, 184, 181]
[238, 185, 181]
[236, 185, 181]
[243, 186, 181]
[242, 184, 179]
[243, 185, 179]
[234, 182, 177]
[238, 185, 178]
[239, 185, 180]
[239, 184, 181]
[244, 185, 181]
[242, 185, 179]
[244, 186, 180]
[239, 183, 178]
[242, 183, 180]
[239, 186, 180]
[240, 188, 182]
[240, 188, 181]
[243, 191, 182]
[240, 185, 181]
[240, 186, 182]
[239, 186, 182]
[239, 186, 180]
[241, 186, 180]
[240, 183, 181]
[241, 183, 180]
[242, 183, 182]
[240, 186, 182]
[244, 187, 181]
[242, 186, 180]
[242, 187, 179]
[241, 188, 182]
[240, 185, 180]
[247, 186, 180]
[246, 189, 180]
[240, 186, 182]
[240, 188, 182]
[242, 186, 182]
[244, 188, 184]
[241, 188, 181]
[239, 184, 181]
[240, 185, 179]
[238, 188, 183]
[240, 185, 182]
[248, 186, 180]
[241, 185, 184]
[242, 187, 178]
[247, 185, 182]
[245, 185, 180]
[241, 187, 181]
[241, 185, 181]
[244, 184, 180]
[243, 185, 181]
[238, 189, 183]
[238, 188, 182]
[240, 187, 183]
[240, 187, 182]
[243, 188, 182]
[242, 186, 184]
[244, 188, 181]
[242, 190, 185]
[242, 186, 183]
[243, 185, 183]
[243, 188, 182]
[243, 188, 184]
[237, 185, 183]
[235, 184, 181]
[243, 186, 183]
[246, 189, 182]
[244, 186, 183]
[245, 189, 183]
[240, 189, 182]
[240, 186, 180]
[240, 187, 183]
[243, 187, 181]
[241, 188, 180]
[246, 189, 186]
[247, 189, 184]
[240, 187, 184]
[241, 188, 183]
[241, 188, 183]
[242, 188, 183]
[246, 187, 183]
[237, 186, 185]
[241, 190, 185]
[242, 187, 183]
[242, 185, 181]
[243, 186, 184]
[243, 187, 183]
[242, 186, 186]
[244, 186, 183]
[246, 186, 184]
[248, 189, 184]
[245, 189, 183]
[239, 188, 183]
[240, 188, 183]
[244, 190, 181]
[242, 187, 182]
[242, 189, 183]
[244, 189, 185]
[244, 190, 186]
[241, 190, 184]
[240, 192, 182]
[244, 188, 184]
[244, 188, 187]
[244, 188, 185]
[243, 193, 184]
[241, 189, 184]
[246, 187, 184]
[243, 189, 183]
[243, 188, 184]
[243, 187, 183]
[245, 190, 182]
[243, 186, 186]
[244, 190, 183]
[244, 191, 182]
[246, 191, 185]
[244, 187, 183]
[240, 190, 183]
[245, 192, 185]
[243, 188, 186]
[243, 190, 186]
[242, 187, 185]
[241, 190, 186]
[241, 189, 188]
[236, 186, 186]
[242, 189, 186]
[244, 187, 185]
[244, 188, 184]
[240, 187, 185]
[244, 188, 186]
[244, 188, 182]
[248, 190, 185]
[249, 189, 185]
[249, 191, 185]
[246, 187, 185]
[246, 190, 186]
[241, 189, 184]
[240, 189, 185]
[242, 190, 185]
[245, 192, 185]
[241, 190, 185]
[241, 189, 187]
[243, 190, 186]
[244, 190, 185]
[246, 190, 185]
[245, 188, 185]
[245, 190, 186]
[247, 190, 185]
[245, 190, 186]
[246, 190, 186]
[245, 190, 185]
[246, 189, 185]
[241, 191, 185]
[241, 188, 184]
[240, 189, 188]
[247, 192, 190]
[245, 189, 185]
[246, 191, 186]
[246, 191, 188]
[245, 191, 186]
[245, 191, 185]
[248, 191, 186]
[244, 192, 187]
[248, 193, 190]
[250, 188, 188]
[246, 189, 186]
[239, 190, 186]
[240, 188, 184]
[244, 190, 188]
[245, 191, 185]
[248, 190, 184]
[244, 193, 186]
[247, 192, 189]
[246, 192, 188]
[245, 192, 187]
[245, 191, 188]
[246, 191, 188]
[246, 192, 188]
[248, 192, 188]
[243, 190, 186]
[242, 192, 187]
[243, 189, 187]
[241, 188, 185]
[244, 192, 185]
[245, 192, 188]
[245, 189, 186]
[244, 191, 188]
[244, 192, 188]
[245, 187, 184]
[248, 191, 185]
[248, 192, 186]
[247, 191, 185]
[248, 192, 188]
[248, 192, 187]
[246, 192, 189]
[240, 189, 187]
[240, 194, 188]
[242, 189, 187]
[245, 189, 187]
[243, 192, 187]
[245, 191, 188]
[247, 193, 187]
[247, 191, 187]
[248, 191, 186]
[244, 190, 185]
[244, 191, 189]
[245, 190, 187]
[250, 193, 189]
[249, 191, 186]
[241, 191, 185]
[240, 191, 184]
[249, 194, 187]
[245, 193, 188]
[248, 196, 188]
[246, 194, 187]
[248, 194, 190]
[246, 192, 187]
[243, 190, 189]
[245, 192, 187]
[247, 192, 188]
[247, 191, 186]
[247, 192, 188]
[249, 191, 187]
[247, 193, 185]
[250, 194, 189]
[243, 193, 188]
[242, 190, 186]
[245, 194, 190]
[250, 193, 188]
[247, 194, 187]
[246, 191, 187]
[248, 191, 189]
[244, 194, 189]
[244, 193, 189]
[242, 192, 189]
[243, 194, 188]
[252, 195, 189]
[248, 193, 190]
[252, 194, 189]
[240, 191, 190]
[239, 189, 187]
[250, 192, 190]
[251, 194, 188]
[247, 192, 188]
[247, 193, 186]
[244, 194, 190]
[244, 193, 192]
[246, 194, 186]
[249, 191, 188]
[247, 194, 188]
[249, 194, 187]
[248, 194, 187]
[243, 194, 190]
[244, 194, 190]
[247, 192, 189]
[250, 195, 189]
[247, 193, 191]
[243, 194, 190]
[249, 194, 190]
[248, 192, 190]
[247, 193, 190]
[247, 192, 188]
[247, 194, 188]
[247, 191, 189]
[249, 193, 188]
[247, 193, 189]
[254, 201, 190]
[254, 196, 192]
[238, 191, 189]
[237, 192, 191]
[248, 194, 190]
[248, 194, 191]
[248, 196, 190]
[249, 195, 190]
[248, 198, 190]
[247, 194, 190]
[249, 192, 189]
[250, 194, 190]
[247, 194, 190]
[250, 193, 190]
[249, 192, 188]
[252, 193, 190]
[245, 194, 191]
[243, 191, 189]
[250, 195, 192]
[249, 194, 189]
[247, 193, 188]
[248, 191, 190]
[250, 193, 189]
[248, 196, 188]
[250, 200, 194]
[246, 195, 187]
[246, 196, 191]
[247, 196, 191]
[250, 195, 192]
[249, 196, 191]
[248, 195, 191]
[249, 196, 191]
[244, 194, 196]
[244, 196, 191]
[247, 192, 190]
[247, 192, 191]
[245, 192, 189]
[244, 194, 191]
[250, 196, 191]
[249, 196, 191]
[252, 197, 193]
[250, 195, 189]
[251, 191, 189]
[254, 195, 189]
[254, 198, 190]
[242, 193, 190]
[243, 196, 189]
[250, 195, 191]
[249, 197, 192]
[248, 197, 189]
[248, 198, 194]
[244, 194, 192]
[249, 195, 194]
[250, 195, 190]
[249, 195, 192]
[248, 197, 192]
[253, 195, 193]
[252, 199, 191]
[250, 197, 189]
[245, 194, 192]
[246, 196, 191]
[243, 195, 191]
[243, 192, 192]
[250, 195, 192]
[252, 197, 193]
[249, 195, 192]
[252, 199, 190]
[250, 195, 192]
[250, 197, 192]
[251, 194, 191]
[253, 197, 191]
[252, 197, 191]
[253, 199, 192]
[252, 197, 192]
[248, 196, 193]
[243, 197, 191]
[241, 195, 193]
[251, 196, 193]
[251, 197, 191]
[248, 196, 193]
[252, 200, 192]
[248, 195, 192]
[250, 197, 192]
[251, 197, 192]
[250, 197, 190]
[250, 194, 193]
[255, 197, 190]
[254, 198, 191]
[248, 198, 193]
[243, 197, 194]
[243, 198, 193]
[245, 195, 191]
[246, 197, 191]
[249, 198, 194]
[250, 198, 194]
[250, 198, 191]
[250, 202, 193]
[251, 197, 194]
[250, 195, 194]
[251, 198, 192]
[252, 197, 194]
[255, 200, 191]
[247, 198, 193]
[247, 196, 195]
[248, 197, 194]
[247, 195, 190]
[247, 198, 191]
[252, 196, 193]
[251, 195, 191]
[252, 198, 193]
[251, 199, 194]
[253, 197, 194]
[251, 200, 197]
[248, 198, 194]
[248, 200, 193]
[248, 197, 195]
[259, 199, 194]
[256, 198, 192]
[244, 200, 191]
[243, 194, 194]
[250, 198, 198]
[248, 199, 196]
[251, 198, 194]
[252, 196, 192]
[253, 196, 194]
[247, 196, 193]
[247, 196, 195]
[251, 197, 194]
[251, 197, 196]
[256, 197, 194]
[255, 196, 193]
[247, 198, 192]
[247, 199, 194]
[247, 198, 194]
[251, 198, 194]
[252, 195, 192]
[251, 202, 196]
[246, 197, 196]
[250, 196, 197]
[251, 199, 192]
[250, 197, 193]
[249, 197, 194]
[252, 199, 196]
[249, 199, 192]
[247, 199, 196]
[258, 201, 192]
[258, 200, 196]
[245, 199, 195]
[242, 199, 194]
[244, 198, 196]
[251, 200, 195]
[251, 199, 192]
[252, 200, 197]
[252, 201, 195]
[248, 198, 194]
[252, 198, 194]
[249, 196, 194]
[249, 199, 197]
[250, 196, 194]
[256, 198, 196]
[255, 200, 197]
[246, 197, 193]
[246, 199, 194]
[253, 199, 195]
[254, 199, 196]
[254, 200, 193]
[250, 199, 193]
[252, 197, 192]
[256, 197, 197]
[253, 198, 196]
[252, 201, 195]
[248, 199, 196]
[248, 199, 195]
[248, 199, 195]
[250, 199, 196]
[254, 201, 195]
[255, 198, 196]
[247, 200, 197]
[245, 197, 196]
[251, 201, 196]
[253, 199, 195]
[252, 199, 197]
[254, 198, 196]
[252, 201, 194]
[249, 198, 197]
[252, 199, 195]
[252, 199, 195]
[252, 199, 195]
[258, 199, 196]
[256, 201, 195]
[256, 201, 195]
[247, 199, 196]
[246, 201, 198]
[254, 201, 196]
[253, 200, 197]
[248, 199, 196]
[249, 200, 196]
[250, 200, 197]
[250, 200, 196]
[250, 200, 196]
[252, 197, 198]
[252, 200, 195]
[255, 198, 195]
[252, 199, 199]
[253, 201, 197]
[253, 197, 194]
[250, 198, 195]
[252, 201, 194]
[250, 200, 193]
[252, 201, 195]
[253, 203, 195]
[251, 201, 194]
[253, 201, 197]
[253, 201, 195]
[251, 201, 198]
[255, 200, 198]
[254, 203, 195]
[254, 202, 198]
[256, 200, 198]
[256, 202, 198]
[244, 200, 198]
[246, 204, 197]
[252, 198, 198]
[249, 200, 195]
[251, 200, 198]
[251, 200, 199]
[250, 200, 198]
[252, 200, 198]
[251, 200, 196]
[255, 202, 195]
[257, 200, 198]
[261, 203, 197]
[257, 203, 198]
[254, 201, 200]
[248, 202, 200]
[249, 202, 198]
[250, 202, 198]
[249, 201, 195]
[252, 202, 198]
[255, 203, 198]
[253, 200, 199]
[252, 202, 199]
[253, 202, 197]
[253, 202, 200]
[251, 198, 198]
[252, 200, 197]
[252, 202, 200]
[253, 203, 200]
[254, 200, 198]
[253, 200, 196]
[252, 202, 196]
[249, 199, 196]
[254, 200, 199]
[255, 204, 196]
[253, 203, 196]
[251, 204, 198]
[253, 203, 201]
[255, 200, 200]
[254, 204, 200]
[252, 201, 196]
[256, 204, 198]
[258, 201, 197]
[258, 201, 200]
[252, 202, 199]
[248, 204, 199]
[250, 202, 200]
[249, 200, 200]
[249, 202, 198]
[253, 201, 196]
[253, 204, 199]
[255, 201, 197]
[254, 202, 201]
[254, 200, 196]
[255, 199, 199]
[255, 204, 196]
[260, 202, 199]
[257, 201, 196]
[249, 202, 198]
[251, 201, 197]
[254, 205, 198]
[251, 205, 201]
[256, 204, 200]
[256, 202, 200]
[253, 204, 200]
[252, 202, 199]
[256, 204, 201]
[255, 204, 201]
[261, 204, 200]
[250, 202, 199]
[252, 201, 198]
[260, 204, 199]
[258, 200, 202]
[259, 201, 198]
[249, 202, 198]
[248, 200, 197]
[252, 201, 200]
[255, 203, 197]
[256, 205, 197]
[258, 208, 197]
[257, 201, 199]
[255, 203, 198]
[252, 200, 199]
[255, 204, 199]
[257, 206, 201]
[260, 204, 202]
[258, 202, 201]
[252, 202, 199]
[249, 203, 199]
[249, 206, 200]
[252, 203, 203]
[250, 203, 199]
[251, 206, 202]
[251, 201, 199]
[260, 202, 199]
[255, 201, 199]
[257, 204, 198]
[257, 204, 199]
[257, 204, 200]
[255, 203, 199]
[257, 210, 201]
[258, 205, 198]
[257, 205, 200]
[249, 204, 199]
[248, 204, 199]
[250, 207, 202]
[255, 204, 200]
[254, 205, 202]
[258, 207, 202]
[254, 204, 202]
[253, 204, 201]
[253, 204, 203]
[256, 202, 200]
[254, 203, 202]
[255, 202, 201]
[258, 202, 202]
[259, 203, 206]
[253, 204, 199]
[252, 205, 200]
[256, 206, 198]
[257, 205, 200]
[257, 206, 202]
[257, 205, 200]
[256, 205, 200]
[256, 206, 203]
[253, 204, 205]
[258, 203, 199]
[256, 206, 203]
[256, 204, 203]
[253, 206, 202]
[258, 208, 201]
[256, 203, 202]
[260, 209, 202]
[255, 203, 202]
[255, 204, 200]
[255, 203, 200]
[255, 204, 200]
[255, 204, 200]
[260, 204, 200]
[258, 207, 202]
[254, 205, 202]
[253, 206, 201]
[255, 206, 204]
[254, 205, 200]
[259, 208, 202]
[261, 208, 201]
[253, 206, 202]
[254, 206, 202]
[256, 207, 205]
[256, 205, 202]
[259, 206, 204]
[258, 204, 202]
[255, 203, 200]
[258, 205, 201]
[258, 204, 202]
[257, 207, 200]
[256, 208, 204]
[257, 210, 200]
[257, 208, 203]
[259, 205, 202]
[256, 207, 201]
[257, 207, 202]
[250, 206, 202]
[253, 206, 203]
[247, 207, 204]
[256, 206, 202]
[256, 206, 203]
[258, 208, 201]
[257, 206, 206]
[254, 204, 203]
[252, 206, 204]
[259, 207, 205]
[254, 206, 202]
[256, 206, 200]
[258, 208, 203]
[258, 207, 200]
[254, 206, 201]
[255, 206, 202]
[260, 205, 200]
[259, 205, 201]
[256, 205, 205]
[257, 208, 206]
[253, 206, 204]
[257, 208, 203]
[256, 205, 201]
[254, 204, 203]
[256, 207, 203]
[259, 207, 204]
[260, 205, 205]
[260, 205, 201]
[260, 204, 203]
[257, 205, 204]
[252, 203, 201]
[251, 204, 201]
[257, 207, 206]
[258, 207, 204]
[258, 206, 201]
[256, 207, 201]
[257, 209, 202]
[256, 207, 204]
[255, 208, 201]
[261, 209, 203]
[262, 208, 204]
[259, 207, 202]
[258, 208, 206]
[252, 205, 204]
[255, 205, 204]
[253, 205, 204]
[259, 209, 204]
[258, 208, 204]
[254, 204, 203]
[253, 207, 205]
[258, 207, 200]
[258, 207, 203]
[260, 208, 203]
[259, 207, 203]
[258, 208, 202]
[260, 210, 204]
[260, 208, 202]
[258, 210, 206]
[258, 208, 207]
[252, 207, 204]
[254, 208, 206]
[253, 206, 203]
[256, 206, 207]
[257, 209, 205]
[256, 205, 204]
[260, 208, 203]
[260, 205, 204]
[262, 207, 204]
[263, 208, 202]
[263, 209, 204]
[264, 209, 203]
[257, 209, 206]
[260, 208, 202]
[255, 206, 205]
[254, 208, 203]
[257, 210, 203]
[258, 209, 203]
[256, 208, 205]
[257, 212, 205]
[256, 212, 203]
[259, 209, 206]
[259, 208, 205]
[256, 205, 203]
[256, 208, 205]
[263, 208, 204]
[261, 207, 204]
[262, 208, 203]
[255, 206, 204]
[254, 205, 205]
[256, 212, 203]
[255, 209, 205]
[260, 206, 205]
[257, 209, 206]
[256, 209, 205]
[255, 208, 206]
[254, 208, 206]
[258, 209, 206]
[258, 210, 207]
[262, 207, 204]
[263, 211, 204]
[259, 209, 201]
[259, 209, 204]
[256, 209, 202]
[254, 208, 204]
[256, 209, 207]
[264, 213, 203]
[258, 211, 205]
[258, 211, 206]
[260, 210, 206]
[260, 209, 207]
[259, 213, 207]
[262, 210, 205]
[259, 208, 205]
[261, 212, 205]
[261, 208, 206]
[261, 210, 208]
[251, 207, 204]
[253, 208, 204]
[258, 210, 206]
[260, 210, 204]
[258, 210, 206]
[260, 210, 204]
[262, 209, 205]
[259, 209, 207]
[260, 213, 206]
[259, 213, 205]
[259, 211, 205]
[260, 211, 207]
[260, 211, 205]
[261, 210, 207]
[256, 212, 206]
[255, 210, 208]
[257, 211, 207]
[258, 208, 207]
[261, 209, 207]
[258, 211, 207]
[258, 211, 206]
[265, 210, 211]
[261, 209, 206]
[259, 209, 204]
[262, 210, 204]
[258, 210, 204]
[255, 209, 204]
[266, 212, 205]
[265, 212, 204]
[266, 211, 206]
[254, 209, 207]
[253, 210, 207]
[260, 212, 207]
[257, 212, 209]
[263, 213, 207]
[259, 210, 207]
[257, 210, 207]
[260, 212, 209]
[259, 210, 205]
[259, 209, 205]
[262, 211, 207]
[266, 211, 204]
[267, 209, 205]
[256, 207, 208]
[256, 207, 207]
[259, 210, 208]
[260, 209, 203]
[260, 212, 207]
[259, 212, 207]
[258, 211, 205]
[259, 211, 206]
[259, 212, 209]
[264, 212, 207]
[266, 216, 210]
[262, 212, 210]
[258, 211, 207]
[256, 211, 207]
[264, 212, 209]
[265, 214, 207]
[253, 212, 207]
[256, 212, 207]
[263, 210, 209]
[261, 211, 208]
[261, 212, 208]
[263, 212, 208]
[262, 212, 207]
[263, 209, 206]
[256, 210, 205]
[261, 210, 206]
[263, 212, 209]
[263, 212, 207]
[264, 213, 209]
[264, 212, 208]
[256, 211, 208]
[254, 209, 207]
[264, 212, 208]
[264, 212, 209]
[262, 218, 209]
[257, 209, 209]
[258, 210, 209]
[259, 211, 207]
[259, 212, 209]
[260, 215, 210]
[261, 211, 208]
[261, 214, 209]
[263, 210, 210]
[266, 212, 208]
[265, 212, 208]
[263, 213, 208]
[257, 209, 208]
[257, 211, 210]
[265, 210, 209]
[261, 210, 208]
[265, 214, 207]
[261, 215, 207]
[259, 211, 209]
[260, 211, 209]
[261, 213, 209]
[261, 214, 209]
[266, 214, 210]
[261, 213, 209]
[264, 215, 211]
[253, 213, 211]
[256, 211, 209]
[253, 210, 210]
[261, 212, 210]
[261, 214, 210]
[260, 210, 208]
[257, 210, 212]
[261, 211, 213]
[263, 215, 209]
[260, 214, 209]
[261, 213, 208]
[261, 213, 209]
[264, 214, 210]
[264, 214, 209]
[265, 212, 208]
[262, 215, 210]
[259, 211, 211]
[257, 211, 210]
[261, 216, 210]
[260, 211, 212]
[262, 214, 211]
[262, 214, 207]
[260, 213, 209]
[264, 213, 211]
[261, 211, 208]
[264, 214, 209]
[265, 212, 208]
[265, 213, 207]
[269, 212, 210]
[265, 214, 212]
[256, 213, 208]
[257, 213, 210]
[261, 213, 212]
[261, 215, 209]
[257, 213, 209]
[257, 214, 209]
[259, 213, 210]
[262, 216, 210]
[260, 213, 211]
[262, 212, 212]
[263, 214, 211]
[267, 213, 208]
[268, 214, 209]
[258, 214, 209]
[258, 214, 207]
[258, 212, 209]
[259, 213, 210]
[259, 215, 211]
[262, 216, 210]
[265, 215, 212]
[266, 214, 212]
[262, 215, 210]
[262, 216, 209]
[261, 214, 210]
[260, 213, 212]
[268, 215, 213]
[267, 215, 208]
[259, 214, 209]
[262, 214, 211]
[260, 212, 208]
[259, 215, 210]
[259, 215, 211]
[263, 214, 208]
[262, 216, 210]
[261, 217, 209]
[262, 216, 209]
[263, 216, 213]
[267, 213, 210]
[264, 215, 211]
[262, 215, 212]
[265, 215, 209]
[267, 216, 216]
[266, 214, 214]
[254, 212, 212]
[253, 213, 210]
[259, 212, 211]
[261, 213, 212]
[261, 215, 212]
[263, 219, 212]
[261, 215, 211]
[266, 215, 209]
[263, 214, 212]
[264, 213, 211]
[265, 213, 209]
[270, 215, 212]
[268, 216, 209]
[272, 215, 209]
[257, 215, 209]
[257, 213, 212]
[261, 215, 211]
[259, 216, 211]
[263, 216, 213]
[264, 216, 213]
[263, 216, 212]
[267, 214, 212]
[260, 212, 210]
[264, 213, 210]
[263, 215, 211]
[265, 215, 212]
[263, 215, 209]
[269, 215, 210]
[267, 215, 210]
[262, 215, 212]
[258, 214, 210]
[260, 216, 211]
[265, 213, 210]
[261, 214, 211]
[262, 216, 213]
[265, 215, 211]
[265, 215, 210]
[267, 219, 211]
[264, 216, 211]
[262, 214, 212]
[263, 215, 212]
[270, 214, 212]
[270, 216, 211]
[256, 212, 209]
[255, 214, 213]
[269, 214, 210]
[269, 215, 211]
[263, 217, 211]
[263, 215, 211]
[265, 215, 210]
[263, 216, 214]
[264, 216, 214]
[268, 219, 209]
[267, 215, 211]
[263, 216, 213]
[265, 215, 213]
[260, 216, 213]
[264, 219, 213]
[263, 215, 213]
[262, 215, 214]
[261, 216, 211]
[267, 220, 215]
[264, 216, 214]
[267, 215, 213]
[266, 215, 214]
[266, 216, 212]
[262, 215, 211]
[262, 213, 210]
[265, 217, 214]
[266, 221, 213]
[268, 217, 213]
[268, 218, 213]
[270, 218, 214]
[255, 216, 215]
[258, 216, 213]
[265, 219, 214]
[264, 218, 216]
[268, 216, 218]
[261, 218, 211]
[265, 218, 214]
[265, 216, 212]
[265, 217, 212]
[263, 215, 213]
[268, 217, 214]
[266, 214, 211]
[274, 220, 214]
[263, 217, 213]
[261, 216, 213]
[263, 216, 212]
[263, 217, 214]
[266, 218, 212]
[267, 217, 214]
[265, 218, 214]
[268, 218, 219]
[267, 218, 213]
[264, 218, 213]
[265, 220, 216]
[265, 218, 216]
[267, 218, 216]
[265, 218, 213]
[266, 218, 215]
[268, 222, 216]
[258, 217, 214]
[262, 216, 212]
[267, 218, 211]
[267, 216, 212]
[265, 218, 216]
[270, 216, 216]
[265, 218, 213]
[269, 219, 215]
[266, 217, 212]
[264, 218, 216]
[265, 220, 213]
[266, 219, 213]
[267, 220, 214]
[268, 219, 214]
[260, 218, 214]
[260, 219, 218]
[266, 217, 216]
[265, 215, 215]
[265, 216, 217]
[266, 217, 212]
[265, 216, 213]
[264, 219, 216]
[268, 216, 215]
[266, 218, 214]
[263, 218, 214]
[268, 218, 215]
[267, 217, 217]
[268, 220, 214]
[267, 218, 212]
[268, 220, 213]
[263, 218, 213]
[266, 222, 219]
[266, 219, 215]
[268, 223, 216]
[264, 218, 216]
[262, 218, 217]
[265, 217, 215]
[265, 220, 217]
[267, 218, 216]
[267, 221, 216]
[270, 217, 215]
[272, 216, 215]
[270, 218, 216]
[261, 218, 214]
[262, 216, 217]
[262, 216, 214]
[263, 218, 215]
[267, 221, 216]
[266, 219, 216]
[267, 220, 215]
[266, 221, 216]
[265, 220, 216]
[262, 221, 215]
[262, 219, 213]
[262, 220, 215]
[270, 221, 219]
[269, 220, 214]
[263, 218, 218]
[264, 218, 214]
[266, 220, 216]
[266, 217, 214]
[270, 217, 218]
[270, 219, 213]
[271, 223, 216]
[263, 220, 215]
[264, 220, 215]
[269, 221, 214]
[266, 219, 215]
[269, 219, 213]
[271, 219, 218]
[269, 219, 215]
[270, 220, 220]
[269, 222, 217]
[263, 217, 214]
[265, 222, 217]
[262, 218, 215]
[263, 218, 216]
[267, 220, 216]
[266, 218, 217]
[268, 220, 219]
[265, 217, 217]
[265, 219, 216]
[268, 218, 214]
[266, 218, 218]
[275, 219, 214]
[274, 221, 217]
[261, 219, 216]
[263, 221, 218]
[261, 220, 216]
[265, 221, 218]
[264, 221, 217]
[270, 219, 217]
[267, 220, 218]
[265, 222, 217]
[263, 217, 218]
[265, 219, 220]
[268, 221, 218]
[268, 219, 214]
[270, 222, 215]
[269, 221, 214]
[270, 219, 217]
[269, 221, 217]
[267, 221, 214]
[266, 219, 217]
[264, 221, 216]
[267, 221, 216]
[266, 219, 217]
[267, 222, 218]
[270, 221, 218]
[266, 221, 220]
[266, 222, 216]
[266, 222, 218]
[264, 218, 216]
[267, 218, 216]
[274, 222, 215]
[271, 220, 216]
[262, 220, 218]
[261, 220, 216]
[265, 221, 218]
[266, 221, 217]
[269, 219, 216]
[267, 222, 216]
[267, 220, 219]
[268, 222, 218]
[268, 221, 217]
[271, 221, 218]
[269, 222, 216]
[268, 221, 217]
[268, 223, 216]
[267, 223, 216]
[268, 222, 219]
[267, 221, 216]
[265, 223, 218]
[266, 222, 218]
[268, 222, 218]
[264, 220, 221]
[267, 222, 218]
[268, 221, 218]
[267, 221, 217]
[265, 221, 219]
[265, 221, 220]
[269, 221, 220]
[268, 221, 218]
[271, 220, 217]
[273, 220, 216]
[263, 221, 218]
[263, 220, 216]
[264, 222, 219]
[267, 221, 215]
[271, 221, 218]
[268, 220, 218]
[266, 223, 218]
[270, 222, 220]
[269, 223, 219]
[270, 223, 217]
[270, 223, 219]
[268, 223, 218]
[268, 222, 221]
[255, 222, 220]
[267, 222, 220]
[268, 221, 220]
[265, 220, 216]
[266, 220, 217]
[265, 221, 220]
[268, 220, 222]
[268, 220, 216]
[268, 223, 218]
[272, 223, 219]
[274, 223, 217]
[269, 221, 217]
[270, 225, 217]
[270, 223, 220]
[270, 223, 219]
[270, 223, 217]
[271, 223, 216]
[265, 222, 220]
[263, 220, 220]
[268, 223, 220]
[269, 223, 220]
[269, 223, 220]
[272, 221, 219]
[268, 222, 222]
[270, 224, 220]
[271, 221, 219]
[268, 221, 219]
[270, 223, 217]
[268, 223, 219]
[268, 223, 217]
[267, 223, 218]
[270, 223, 220]
[274, 223, 217]
[270, 223, 218]
[267, 223, 220]
[270, 224, 220]
[270, 224, 220]
[269, 226, 220]
[269, 225, 220]
[270, 224, 220]
[268, 226, 219]
[266, 226, 220]
[271, 224, 222]
[274, 224, 219]
[272, 224, 220]
[269, 223, 220]
[269, 221, 219]
[264, 222, 220]
[270, 225, 219]
[273, 223, 220]
[269, 224, 218]
[266, 223, 221]
[267, 224, 221]
[273, 224, 221]
[269, 226, 220]
[270, 227, 218]
[273, 226, 219]
[272, 223, 221]
[267, 224, 219]
[268, 226, 221]
[268, 224, 221]
[271, 224, 219]
[267, 224, 219]
[267, 224, 221]
[266, 227, 222]
[268, 224, 222]
[268, 222, 221]
[271, 221, 220]
[269, 224, 221]
[266, 224, 221]
[267, 223, 222]
[273, 224, 219]
[274, 228, 219]
[272, 223, 218]
[271, 225, 219]
[267, 223, 223]
[266, 224, 220]
[267, 224, 222]
[272, 226, 219]
[274, 225, 222]
[276, 226, 223]
[268, 225, 221]
[268, 224, 222]
[268, 224, 226]
[268, 225, 221]
[270, 226, 222]
[269, 225, 221]
[274, 224, 221]
[272, 226, 224]
[269, 224, 221]
[268, 224, 222]
[268, 224, 221]
[271, 223, 220]
[269, 224, 220]
[271, 222, 221]
[271, 223, 220]
[274, 227, 222]
[270, 224, 223]
[272, 228, 222]
[269, 224, 219]
[273, 226, 221]
[276, 226, 220]
[275, 226, 222]
[272, 225, 221]
[270, 229, 223]
[268, 225, 223]
[267, 223, 224]
[266, 225, 222]
[270, 225, 223]
[271, 224, 225]
[270, 223, 222]
[269, 224, 221]
[273, 226, 224]
[277, 223, 220]
[270, 223, 220]
[269, 227, 222]
[271, 225, 220]
[273, 225, 222]
[276, 225, 222]
[267, 224, 222]
[270, 228, 222]
[271, 226, 221]
[268, 226, 223]
[272, 228, 222]
[271, 226, 220]
[272, 226, 220]
[270, 226, 222]
[272, 227, 223]
[273, 226, 224]
[268, 228, 225]
[272, 226, 225]
[277, 226, 223]
[275, 228, 223]
[266, 224, 223]
[267, 224, 223]
[271, 224, 222]
[274, 228, 225]
[272, 223, 220]
[271, 226, 220]
[270, 225, 221]
[270, 225, 223]
[270, 223, 224]
[273, 225, 221]
[272, 226, 224]
[273, 227, 222]
[273, 224, 221]
[272, 227, 221]
[276, 228, 223]
[273, 227, 223]
[270, 228, 223]
[268, 226, 223]
[267, 225, 223]
[266, 229, 223]
[274, 227, 223]
[270, 224, 223]
[271, 224, 223]
[271, 223, 222]
[271, 225, 223]
[271, 228, 223]
[271, 226, 221]
[282, 226, 225]
[278, 228, 222]
[266, 226, 223]
[266, 226, 225]
[270, 227, 221]
[273, 228, 221]
[273, 229, 223]
[272, 225, 223]
[268, 229, 225]
[270, 228, 221]
[274, 225, 222]
[273, 225, 223]
[273, 225, 224]
[274, 227, 224]
[271, 227, 224]
[273, 227, 222]
[274, 225, 225]
[274, 228, 224]
[268, 226, 225]
[268, 227, 222]
[270, 228, 222]
[270, 229, 224]
[271, 225, 220]
[272, 228, 223]
[273, 229, 224]
[270, 226, 225]
[271, 227, 226]
[271, 227, 225]
[273, 228, 224]
[271, 228, 223]
[279, 228, 225]
[276, 227, 224]
[261, 224, 227]
[263, 226, 224]
[274, 227, 226]
[274, 227, 224]
[273, 225, 226]
[274, 227, 223]
[272, 225, 224]
[273, 228, 224]
[272, 225, 224]
[275, 228, 223]
[274, 226, 224]
[271, 228, 221]
[272, 225, 222]
[274, 227, 224]
[274, 228, 224]
[275, 230, 224]
[268, 228, 224]
[270, 227, 225]
[270, 228, 225]
[270, 229, 225]
[273, 228, 225]
[272, 230, 223]
[274, 228, 225]
[272, 227, 224]
[271, 228, 226]
[273, 228, 226]
[270, 228, 227]
[282, 226, 224]
[276, 225, 226]
[262, 225, 225]
[262, 226, 225]
[263, 227, 225]
[274, 229, 224]
[274, 229, 225]
[272, 228, 224]
[273, 227, 225]
[274, 226, 224]
[273, 227, 227]
[275, 227, 226]
[275, 229, 224]
[278, 229, 226]
[272, 229, 223]
[271, 229, 226]
[270, 232, 226]
[272, 228, 228]
[272, 227, 226]
[272, 227, 222]
[277, 230, 226]
[273, 229, 228]
[272, 227, 226]
[272, 227, 226]
[273, 229, 226]
[269, 227, 226]
[271, 228, 226]
[272, 227, 227]
[277, 230, 225]
[274, 230, 226]
[274, 228, 227]
[274, 227, 226]
[269, 228, 227]
[273, 229, 222]
[276, 229, 224]
[276, 228, 224]
[273, 229, 226]
[270, 229, 227]
[268, 228, 227]
[274, 228, 224]
[272, 227, 226]
[273, 230, 227]
[275, 231, 226]
[277, 229, 228]
[280, 233, 230]
[277, 230, 228]
[267, 226, 224]
[267, 228, 226]
[273, 226, 226]
[271, 229, 225]
[275, 232, 224]
[273, 229, 224]
[278, 231, 225]
[277, 228, 225]
[276, 230, 226]
[275, 230, 226]
[272, 228, 225]
[283, 230, 225]
[276, 231, 224]
[268, 231, 226]
[271, 230, 227]
[271, 228, 228]
[271, 228, 227]
[272, 229, 228]
[277, 229, 226]
[277, 228, 228]
[274, 230, 228]
[274, 228, 225]
[277, 229, 226]
[276, 230, 227]
[274, 230, 228]
[274, 230, 228]
[274, 230, 226]
[278, 230, 228]
[279, 232, 228]
[266, 230, 227]
[269, 231, 229]
[275, 230, 228]
[276, 230, 227]
[275, 232, 226]
[273, 230, 227]
[275, 232, 225]
[276, 234, 227]
[275, 230, 227]
[272, 229, 229]
[269, 230, 229]
[281, 229, 228]
[280, 229, 225]
[280, 231, 225]
[270, 229, 227]
[269, 228, 224]
[276, 229, 225]
[276, 231, 226]
[275, 232, 225]
[275, 233, 226]
[273, 232, 227]
[274, 229, 227]
[274, 233, 227]
[276, 231, 229]
[272, 231, 228]
[279, 232, 232]
[278, 231, 227]
[275, 234, 228]
[276, 232, 229]
[274, 231, 228]
[271, 232, 227]
[269, 232, 229]
[270, 232, 228]
[274, 233, 229]
[279, 232, 227]
[276, 231, 227]
[277, 234, 228]
[276, 232, 227]
[278, 234, 228]
[273, 229, 226]
[274, 231, 226]
[286, 232, 229]
[284, 233, 227]
[267, 231, 228]
[268, 233, 228]
[277, 230, 227]
[278, 232, 226]
[277, 231, 228]
[277, 230, 228]
[277, 231, 230]
[272, 229, 228]
[273, 228, 229]
[276, 230, 227]
[275, 229, 228]
[275, 230, 229]
[278, 231, 229]
[277, 230, 228]
[277, 233, 229]
[272, 233, 226]
[275, 231, 229]
[276, 234, 227]
[272, 232, 226]
[274, 233, 227]
[274, 232, 225]
[275, 231, 229]
[278, 236, 229]
[275, 233, 229]
[273, 230, 229]
[273, 232, 229]
[274, 230, 230]
[280, 233, 230]
[280, 233, 229]
[280, 233, 230]
[270, 232, 232]
[267, 228, 227]
[274, 230, 228]
[276, 230, 227]
[275, 230, 229]
[276, 232, 229]
[275, 230, 229]
[274, 230, 227]
[277, 234, 232]
[277, 236, 226]
[277, 233, 228]
[279, 235, 228]
[281, 233, 226]
[270, 232, 230]
[271, 234, 229]
[272, 231, 230]
[278, 235, 233]
[275, 232, 229]
[273, 232, 229]
[271, 232, 230]
[277, 231, 230]
[273, 230, 230]
[274, 231, 230]
[275, 231, 227]
[277, 237, 230]
[276, 231, 228]
[280, 231, 228]
[280, 232, 228]
[279, 233, 229]
[272, 231, 229]
[270, 231, 227]
[277, 235, 229]
[273, 234, 231]
[275, 233, 231]
[274, 233, 230]
[272, 233, 232]
[275, 233, 230]
[277, 234, 232]
[280, 233, 230]
[278, 232, 230]
[278, 234, 233]
[278, 232, 228]
[279, 234, 229]
[272, 230, 229]
[272, 231, 230]
[276, 231, 228]
[277, 233, 229]
[275, 232, 231]
[277, 233, 231]
[275, 233, 230]
[277, 233, 228]
[277, 232, 228]
[275, 234, 228]
[275, 234, 228]
[282, 234, 228]
[280, 236, 231]
[272, 231, 234]
[275, 233, 230]
[274, 234, 228]
[274, 232, 232]
[271, 232, 229]
[277, 233, 229]
[277, 232, 230]
[277, 234, 231]
[278, 233, 229]
[275, 234, 229]
[277, 236, 229]
[277, 233, 233]
[279, 233, 231]
[278, 234, 232]
[280, 235, 231]
[279, 234, 232]
[272, 231, 233]
[270, 232, 231]
[272, 234, 232]
[273, 236, 232]
[276, 234, 230]
[278, 234, 232]
[275, 234, 232]
[279, 233, 229]
[277, 233, 233]
[275, 234, 231]
[278, 232, 230]
[278, 234, 229]
[281, 230, 229]
[282, 236, 229]
[269, 233, 232]
[272, 232, 229]
[276, 232, 231]
[275, 234, 230]
[276, 234, 229]
[279, 233, 231]
[282, 237, 232]
[278, 234, 229]
[278, 235, 231]
[277, 236, 230]
[277, 235, 230]
[277, 236, 232]
[277, 234, 231]
[277, 233, 231]
[275, 235, 231]
[277, 235, 231]
[273, 234, 233]
[276, 234, 232]
[277, 236, 230]
[280, 232, 231]
[277, 234, 229]
[279, 235, 231]
[278, 235, 230]
[278, 233, 231]
[277, 234, 231]
[274, 234, 232]
[274, 233, 229]
[283, 235, 231]
[284, 236, 230]
[283, 233, 232]
[272, 234, 232]
[272, 235, 231]
[278, 236, 233]
[279, 238, 233]
[277, 236, 232]
[277, 233, 229]
[277, 233, 233]
[276, 235, 232]
[275, 234, 235]
[277, 234, 231]
[277, 235, 231]
[287, 234, 231]
[283, 235, 231]
[274, 235, 231]
[274, 235, 230]
[277, 236, 231]
[272, 236, 231]
[276, 236, 235]
[276, 236, 231]
[280, 236, 234]
[277, 234, 232]
[276, 233, 230]
[282, 235, 233]
[282, 238, 234]
[275, 235, 232]
[277, 234, 232]
[277, 235, 230]
[282, 237, 234]
[281, 235, 234]
[273, 235, 231]
[275, 236, 233]
[278, 236, 232]
[278, 234, 231]
[278, 235, 231]
[281, 236, 232]
[282, 235, 233]
[274, 238, 234]
[275, 235, 233]
[278, 233, 233]
[278, 236, 236]
[283, 235, 233]
[280, 234, 234]
[280, 234, 233]
[274, 238, 232]
[276, 233, 232]
[282, 238, 232]
[280, 234, 232]
[277, 236, 233]
[279, 235, 232]
[278, 235, 232]
[282, 236, 234]
[283, 239, 237]
[277, 235, 233]
[277, 236, 234]
[277, 237, 233]
[278, 236, 233]
[284, 237, 232]
[282, 237, 232]
[284, 237, 234]
[277, 236, 234]
[271, 235, 234]
[278, 234, 234]
[279, 234, 234]
[280, 232, 232]
[280, 233, 234]
[278, 237, 233]
[278, 234, 232]
[278, 239, 237]
[280, 234, 232]
[280, 238, 234]
[281, 235, 232]
[284, 238, 232]
[277, 236, 235]
[276, 237, 235]
[279, 236, 231]
[278, 241, 235]
[280, 237, 234]
[278, 234, 234]
[276, 238, 234]
[279, 238, 233]
[278, 236, 235]
[278, 237, 236]
[277, 237, 235]
[280, 240, 238]
[278, 236, 232]
[280, 233, 232]
[282, 235, 233]
[283, 238, 234]
[276, 237, 233]
[275, 237, 233]
[280, 236, 235]
[284, 235, 236]
[282, 238, 234]
[281, 236, 233]
[283, 238, 235]
[279, 237, 232]
[279, 238, 232]
[281, 236, 233]
[280, 237, 235]
[282, 238, 237]
[280, 238, 236]
[279, 237, 233]
[276, 234, 235]
[278, 235, 237]
[277, 237, 235]
[277, 238, 235]
[276, 236, 233]
[281, 236, 237]
[278, 238, 234]
[280, 238, 232]
[279, 237, 233]
[282, 238, 235]
[279, 237, 233]
[281, 239, 232]
[284, 238, 232]
[284, 241, 237]
[280, 237, 234]
[282, 238, 234]
[274, 238, 234]
[275, 238, 234]
[283, 239, 233]
[280, 238, 233]
[278, 242, 235]
[281, 238, 235]
[278, 236, 236]
[277, 237, 236]
[278, 239, 236]
[281, 237, 236]
[285, 236, 235]
[278, 236, 235]
[277, 240, 233]
[279, 236, 234]
[277, 237, 234]
[279, 240, 235]
[279, 237, 233]
[279, 238, 233]
[279, 238, 234]
[279, 236, 234]
[283, 237, 235]
[282, 242, 237]
[282, 238, 236]
[280, 240, 235]
[281, 238, 235]
[283, 240, 235]
[282, 243, 236]
[280, 239, 235]
[278, 238, 236]
[276, 240, 238]
[272, 238, 235]
[280, 237, 237]
[279, 238, 239]
[277, 237, 235]
[281, 238, 236]
[280, 237, 236]
[280, 239, 234]
[281, 241, 235]
[284, 237, 234]
[284, 242, 235]
[280, 239, 235]
[281, 239, 235]
[279, 238, 236]
[278, 237, 235]
[280, 241, 236]
[282, 240, 239]
[280, 239, 236]
[279, 239, 236]
[279, 239, 235]
[279, 240, 236]
[279, 237, 237]
[281, 237, 236]
[280, 239, 234]
[280, 237, 238]
[287, 239, 235]
[284, 239, 234]
[281, 240, 234]
[282, 239, 234]
[281, 239, 236]
[280, 236, 232]
[277, 237, 235]
[284, 239, 236]
[281, 239, 237]
[284, 240, 237]
[278, 241, 237]
[282, 240, 237]
[280, 237, 235]
[283, 238, 237]
[283, 241, 237]
[283, 239, 240]
[282, 239, 237]
[282, 237, 238]
[277, 237, 235]
[277, 237, 237]
[279, 239, 237]
[281, 237, 238]
[282, 238, 235]
[281, 239, 238]
[282, 241, 234]
[284, 241, 234]
[284, 240, 235]
[280, 239, 235]
[279, 240, 235]
[278, 239, 237]
[283, 241, 239]
[286, 240, 237]
[277, 236, 238]
[279, 240, 240]
[280, 237, 238]
[279, 237, 238]
[283, 243, 238]
[281, 239, 238]
[282, 238, 235]
[281, 238, 239]
[281, 240, 238]
[281, 240, 237]
[281, 239, 237]
[284, 240, 238]
[285, 240, 238]
[283, 240, 238]
[284, 240, 237]
[282, 241, 237]
[278, 240, 239]
[275, 239, 238]
[279, 242, 239]
[280, 241, 237]
[281, 241, 239]
[284, 241, 238]
[281, 239, 238]
[281, 240, 237]
[281, 240, 239]
[284, 240, 236]
[282, 240, 236]
[286, 239, 236]
[288, 241, 238]
[277, 239, 236]
[278, 242, 238]
[277, 240, 238]
[282, 241, 236]
[283, 241, 238]
[283, 243, 238]
[283, 242, 238]
[283, 242, 237]
[283, 242, 239]
[287, 242, 238]
[284, 240, 238]
[283, 241, 238]
[283, 240, 241]
[282, 240, 240]
[282, 241, 239]
[282, 240, 238]
[277, 240, 241]
[279, 241, 238]
[279, 240, 237]
[284, 241, 237]
[284, 242, 235]
[284, 241, 239]
[288, 242, 238]
[283, 239, 238]
[284, 242, 238]
[288, 246, 238]
[281, 240, 242]
[279, 242, 239]
[286, 241, 239]
[287, 242, 240]
[276, 242, 238]
[278, 241, 239]
[280, 241, 239]
[282, 243, 239]
[284, 240, 239]
[287, 242, 237]
[285, 242, 239]
[279, 240, 237]
[279, 241, 239]
[282, 242, 237]
[286, 239, 240]
[285, 242, 238]
[285, 242, 238]
[284, 242, 239]
[283, 242, 239]
[282, 242, 239]
[283, 243, 239]
[283, 241, 240]
[283, 241, 238]
[284, 241, 240]
[284, 241, 239]
[282, 242, 239]
[282, 240, 239]
[280, 240, 237]
[281, 241, 240]
[282, 240, 240]
[286, 242, 238]
[291, 245, 238]
[288, 243, 239]
[275, 239, 239]
[275, 242, 237]
[279, 242, 239]
[283, 240, 239]
[283, 241, 239]
[285, 242, 239]
[285, 244, 242]
[282, 243, 238]
[285, 242, 239]
[282, 241, 239]
[282, 242, 239]
[283, 244, 239]
[282, 243, 239]
[286, 244, 241]
[279, 245, 241]
[283, 240, 239]
[285, 241, 237]
[286, 242, 239]
[284, 239, 240]
[281, 244, 240]
[283, 240, 240]
[286, 241, 238]
[284, 244, 241]
[283, 244, 239]
[282, 244, 240]
[285, 244, 239]
[283, 243, 240]
[284, 244, 238]
[288, 246, 239]
[286, 241, 241]
[279, 243, 239]
[277, 244, 240]
[285, 244, 241]
[285, 241, 240]
[283, 241, 241]
[280, 243, 240]
[281, 242, 240]
[282, 242, 242]
[282, 244, 242]
[283, 245, 240]
[286, 244, 242]
[290, 244, 240]
[287, 244, 238]
[288, 244, 238]
[277, 241, 238]
[278, 244, 241]
[290, 246, 241]
[284, 242, 240]
[280, 244, 242]
[279, 243, 240]
[282, 243, 241]
[283, 244, 241]
[284, 246, 241]
[282, 244, 241]
[285, 246, 244]
[287, 239, 240]
[286, 243, 240]
[284, 242, 240]
[284, 244, 240]
[279, 244, 240]
[281, 241, 238]
[279, 243, 241]
[283, 247, 245]
[285, 247, 241]
[282, 243, 240]
[284, 246, 243]
[286, 243, 238]
[283, 244, 239]
[285, 243, 241]
[287, 244, 240]
[291, 249, 242]
[284, 244, 239]
[287, 243, 242]
[277, 243, 244]
[279, 244, 242]
[284, 244, 241]
[281, 243, 243]
[284, 244, 242]
[288, 248, 245]
[283, 244, 241]
[285, 244, 242]
[286, 241, 242]
[283, 243, 241]
[282, 243, 240]
[290, 242, 240]
[292, 244, 242]
[294, 245, 244]
[276, 243, 241]
[278, 245, 240]
[284, 244, 241]
[286, 246, 239]
[286, 244, 239]
[285, 246, 242]
[286, 244, 240]
[286, 245, 242]
[280, 244, 243]
[285, 247, 241]
[285, 244, 241]
[289, 245, 242]
[289, 245, 243]
[282, 242, 242]
[283, 246, 242]
[284, 243, 245]
[284, 243, 242]
[279, 244, 238]
[281, 243, 242]
[283, 243, 244]
[287, 243, 241]
[285, 243, 242]
[287, 243, 240]
[285, 245, 239]
[288, 245, 242]
[285, 244, 241]
[283, 245, 242]
[290, 246, 243]
[290, 246, 242]
[277, 244, 245]
[277, 243, 245]
[275, 243, 245]
[284, 242, 242]
[286, 242, 241]
[286, 241, 242]
[287, 245, 242]
[285, 245, 241]
[287, 242, 241]
[285, 243, 244]
[285, 245, 241]
[287, 244, 240]
[290, 245, 244]
[295, 246, 240]
[280, 243, 242]
[280, 247, 241]
[286, 243, 242]
[284, 244, 245]
[287, 246, 245]
[287, 246, 240]
[285, 246, 242]
[289, 244, 243]
[290, 241, 241]
[283, 245, 244]
[288, 247, 244]
[283, 244, 241]
[284, 243, 242]
[283, 245, 241]
[291, 246, 242]
[290, 244, 240]
[279, 245, 242]
[277, 243, 241]
[286, 246, 239]
[288, 246, 241]
[288, 245, 243]
[288, 248, 243]
[287, 245, 240]
[283, 246, 244]
[284, 246, 244]
[288, 245, 245]
[286, 248, 244]
[292, 245, 244]
[290, 243, 244]
[280, 244, 241]
[279, 243, 244]
[280, 245, 241]
[288, 244, 241]
[287, 243, 243]
[286, 246, 242]
[286, 246, 241]
[287, 247, 243]
[285, 244, 242]
[289, 247, 244]
[288, 244, 244]
[289, 247, 244]
[284, 246, 244]
[284, 248, 246]
[288, 247, 243]
[288, 244, 243]
[280, 245, 243]
[280, 245, 245]
[280, 245, 246]
[284, 246, 244]
[285, 245, 242]
[288, 246, 243]
[290, 246, 243]
[284, 243, 244]
[283, 247, 241]
[286, 246, 242]
[287, 245, 243]
[286, 248, 244]
[293, 248, 242]
[290, 248, 242]
[286, 247, 242]
[279, 245, 243]
[289, 248, 244]
[288, 250, 245]
[288, 248, 243]
[288, 247, 245]
[285, 246, 243]
[284, 245, 244]
[289, 255, 244]
[288, 248, 247]
[283, 245, 244]
[286, 245, 242]
[287, 246, 244]
[287, 244, 244]
[286, 245, 245]
[285, 246, 244]
[287, 249, 244]
[284, 247, 243]
[290, 249, 243]
[287, 245, 244]
[288, 252, 244]
[288, 246, 244]
[287, 248, 244]
[288, 247, 241]
[290, 251, 243]
[284, 247, 244]
[286, 247, 245]
[287, 245, 245]
[287, 245, 243]
[282, 245, 245]
[281, 246, 245]
[282, 247, 245]
[291, 248, 246]
[288, 245, 245]
[285, 247, 245]
[284, 247, 244]
[285, 247, 244]
[289, 246, 243]
[288, 244, 245]
[286, 245, 245]
[288, 246, 246]
[289, 247, 243]
[290, 250, 245]
[284, 248, 245]
[289, 248, 245]
[286, 247, 244]
[282, 249, 245]
[285, 247, 245]
[290, 248, 253]
[289, 248, 245]
[287, 248, 244]
[285, 246, 244]
[285, 245, 246]
[286, 248, 247]
[290, 250, 246]
[289, 247, 245]
[290, 248, 242]
[286, 245, 246]
[287, 246, 245]
[283, 247, 245]
[285, 247, 244]
[289, 246, 244]
[290, 246, 244]
[288, 247, 244]
[289, 249, 247]
[284, 247, 246]
[288, 249, 247]
[285, 247, 246]
[286, 250, 247]
[285, 246, 246]
[291, 248, 246]
[292, 250, 245]
[295, 247, 249]
[281, 248, 247]
[283, 247, 249]
[287, 247, 244]
[285, 246, 244]
[288, 247, 246]
[288, 246, 244]
[286, 247, 246]
[289, 248, 250]
[287, 246, 246]
[287, 248, 244]
[287, 247, 245]
[293, 250, 248]
[291, 246, 245]
[287, 247, 244]
[283, 247, 245]
[289, 249, 247]
[287, 248, 248]
[286, 246, 246]
[284, 247, 248]
[285, 247, 246]
[287, 248, 248]
[284, 248, 246]
[287, 247, 246]
[292, 253, 248]
[288, 250, 244]
[287, 248, 246]
[290, 250, 246]
[291, 249, 247]
[293, 248, 245]
[283, 248, 246]
[287, 246, 246]
[287, 250, 246]
[287, 250, 245]
[285, 248, 244]
[289, 247, 246]
[288, 249, 247]
[290, 249, 244]
[291, 248, 247]
[288, 249, 246]
[289, 252, 249]
[291, 250, 247]
[295, 248, 247]
[291, 246, 247]
[280, 249, 248]
[282, 247, 249]
[286, 248, 246]
[289, 250, 248]
[292, 250, 249]
[288, 250, 245]
[290, 248, 246]
[287, 249, 248]
[287, 247, 246]
[289, 250, 245]
[289, 250, 243]
[287, 247, 246]
[292, 250, 247]
[290, 250, 247]
[290, 250, 248]
[289, 250, 247]
[288, 251, 244]
[287, 249, 246]
[288, 249, 247]
[287, 249, 246]
[293, 250, 249]
[288, 250, 248]
[286, 250, 247]
[285, 250, 248]
[285, 252, 247]
[287, 247, 248]
[287, 250, 249]
[295, 251, 245]
[293, 253, 248]
[281, 248, 249]
[283, 248, 249]
[283, 249, 245]
[288, 252, 248]
[287, 248, 247]
[290, 248, 247]
[288, 248, 247]
[294, 252, 249]
[288, 249, 245]
[292, 249, 245]
[291, 250, 246]
[292, 249, 245]
[289, 251, 246]
[291, 247, 246]
[290, 250, 247]
[288, 250, 250]
[286, 249, 248]
[284, 248, 248]
[289, 252, 248]
[289, 250, 247]
[289, 248, 245]
[290, 250, 246]
[289, 249, 246]
[285, 249, 251]
[289, 251, 245]
[290, 249, 247]
[289, 252, 246]
[289, 250, 247]
[290, 251, 247]
[292, 251, 247]
[284, 250, 247]
[285, 250, 249]
[290, 250, 251]
[290, 250, 246]
[288, 249, 248]
[288, 252, 247]
[288, 252, 249]
[290, 252, 247]
[290, 252, 247]
[292, 248, 249]
[289, 250, 246]
[291, 249, 247]
[289, 251, 246]
[290, 252, 248]
[289, 252, 246]
[291, 251, 246]
[287, 250, 246]
[288, 250, 250]
[289, 250, 247]
[288, 251, 248]
[292, 252, 249]
[292, 252, 247]
[288, 252, 247]
[291, 252, 249]
[287, 250, 251]
[291, 248, 249]
[290, 252, 248]
[291, 251, 249]
[289, 249, 249]
[285, 249, 248]
[285, 251, 249]
[285, 252, 249]
[291, 249, 248]
[293, 251, 246]
[290, 253, 245]
[292, 251, 250]
[294, 250, 249]
[290, 252, 248]
[288, 251, 247]
[288, 251, 249]
[294, 251, 247]
[290, 254, 250]
[290, 252, 249]
[290, 252, 249]
[289, 250, 249]
[287, 252, 251]
[289, 251, 249]
[290, 251, 250]
[290, 252, 250]
[292, 250, 249]
[287, 251, 250]
[290, 252, 248]
[288, 253, 248]
[291, 251, 248]
[293, 251, 249]
[293, 251, 250]
[294, 251, 249]
[290, 251, 250]
[289, 252, 250]
[287, 253, 249]
[287, 253, 247]
[292, 249, 249]
[292, 252, 249]
[288, 251, 249]
[289, 253, 249]
[287, 254, 250]
[292, 252, 249]
[289, 251, 250]
[290, 253, 251]
[292, 252, 249]
[290, 252, 251]
[291, 252, 251]
[290, 250, 248]
[290, 250, 248]
[291, 254, 247]
[289, 252, 248]
[287, 252, 248]
[292, 254, 249]
[292, 250, 248]
[292, 250, 250]
[294, 251, 249]
[289, 253, 250]
[288, 252, 250]
[290, 252, 250]
[292, 252, 249]
[293, 255, 249]
[288, 252, 251]
[288, 250, 250]
[288, 252, 251]
[286, 252, 250]
[287, 251, 250]
[294, 251, 249]
[293, 251, 248]
[289, 250, 249]
[289, 251, 250]
[292, 252, 249]
[296, 256, 250]
[292, 253, 249]
[289, 253, 249]
[292, 253, 247]
[294, 253, 248]
[291, 251, 250]
[290, 252, 250]
[289, 254, 248]
[294, 255, 251]
[291, 251, 252]
[289, 252, 250]
[290, 254, 251]
[290, 251, 251]
[293, 253, 251]
[292, 253, 251]
[288, 252, 252]
[290, 252, 250]
[296, 253, 250]
[295, 252, 251]
[295, 253, 249]
[289, 251, 248]
[289, 251, 250]
[289, 254, 251]
[289, 251, 249]
[291, 255, 252]
[292, 253, 249]
[289, 253, 249]
[290, 254, 252]
[291, 254, 249]
[292, 253, 249]
[296, 253, 248]
[290, 254, 252]
[293, 255, 253]
[294, 253, 252]
[293, 252, 251]
[286, 253, 252]
[286, 249, 250]
[284, 251, 252]
[288, 252, 253]
[290, 254, 250]
[294, 255, 250]
[292, 256, 249]
[292, 253, 252]
[291, 254, 249]
[292, 253, 251]
[292, 254, 248]
[292, 255, 249]
[298, 254, 249]
[297, 254, 253]
[288, 254, 251]
[285, 254, 252]
[289, 253, 252]
[290, 254, 254]
[295, 253, 252]
[292, 253, 249]
[292, 255, 251]
[293, 254, 254]
[291, 254, 251]
[295, 254, 252]
[297, 255, 251]
[292, 253, 251]
[294, 253, 253]
[291, 253, 249]
[294, 254, 251]
[296, 256, 253]
[289, 253, 251]
[288, 255, 250]
[292, 255, 250]
[292, 251, 250]
[291, 253, 252]
[294, 254, 252]
[296, 255, 254]
[293, 256, 252]
[288, 253, 251]
[293, 252, 251]
[292, 254, 252]
[295, 255, 252]
[294, 256, 251]
[294, 253, 254]
[288, 254, 251]
[291, 256, 254]
[295, 253, 251]
[292, 254, 250]
[291, 254, 252]
[290, 254, 251]
[294, 253, 250]
[293, 255, 251]
[293, 255, 252]
[296, 258, 254]
[296, 256, 251]
[292, 257, 252]
[291, 255, 250]
[294, 253, 251]
[296, 256, 254]
[297, 256, 253]
[287, 255, 254]
[289, 256, 255]
[294, 253, 252]
[291, 254, 252]
[295, 256, 252]
[292, 256, 251]
[292, 255, 252]
[291, 256, 253]
[292, 252, 251]
[295, 255, 258]
[297, 255, 249]
[296, 256, 250]
[296, 256, 250]
[286, 255, 252]
[286, 254, 251]
[294, 259, 252]
[294, 254, 249]
[295, 257, 257]
[291, 253, 255]
[293, 256, 253]
[291, 256, 253]
[292, 256, 253]
[291, 256, 253]
[294, 253, 253]
[292, 253, 253]
[289, 256, 255]
[291, 255, 254]
[294, 256, 249]
[295, 255, 253]
[292, 252, 253]
[295, 253, 251]
[296, 253, 254]
[294, 256, 252]
[293, 256, 255]
[296, 257, 251]
[294, 255, 253]
[290, 255, 253]
[291, 256, 251]
[293, 255, 251]
[290, 256, 253]
[296, 255, 254]
[303, 259, 254]
[298, 254, 252]
[285, 253, 254]
[284, 256, 252]
[294, 256, 255]
[292, 255, 254]
[293, 253, 253]
[290, 256, 252]
[293, 256, 253]
[293, 254, 252]
[294, 256, 252]
[295, 257, 252]
[297, 255, 253]
[300, 254, 252]
[295, 254, 252]
[291, 253, 252]
[291, 257, 255]
[290, 255, 253]
[289, 256, 255]
[290, 255, 254]
[293, 254, 253]
[294, 254, 255]
[296, 255, 254]
[293, 256, 254]
[289, 256, 255]
[290, 253, 253]
[292, 255, 252]
[293, 256, 254]
[293, 255, 255]
[292, 256, 251]
[294, 254, 253]
[290, 255, 254]
[291, 257, 255]
[297, 257, 254]
[296, 259, 254]
[293, 256, 254]
[288, 255, 254]
[292, 256, 253]
[295, 255, 254]
[297, 257, 254]
[293, 257, 255]
[294, 257, 253]
[294, 256, 256]
[298, 258, 255]
[298, 256, 254]
[287, 255, 255]
[287, 255, 254]
[290, 257, 255]
[290, 255, 253]
[294, 255, 254]
[295, 257, 253]
[296, 254, 252]
[295, 256, 254]
[292, 256, 253]
[291, 255, 256]
[295, 255, 256]
[299, 258, 254]
[301, 258, 252]
[292, 257, 252]
[292, 257, 254]
[290, 257, 253]
[292, 256, 255]
[292, 257, 255]
[295, 258, 256]
[292, 257, 254]
[292, 257, 255]
[295, 257, 256]
[293, 257, 256]
[295, 256, 253]
[293, 257, 256]
[296, 256, 255]
[294, 258, 255]
[298, 257, 254]
[301, 256, 252]
[290, 255, 253]
[290, 256, 252]
[289, 254, 252]
[291, 255, 253]
[293, 256, 254]
[299, 258, 255]
[295, 255, 253]
[294, 259, 253]
[294, 259, 257]
[296, 259, 253]
[293, 257, 254]
[294, 258, 253]
[304, 258, 255]
[303, 258, 259]
[290, 256, 258]
[287, 257, 253]
[294, 256, 254]
[294, 257, 256]
[295, 258, 256]
[293, 257, 253]
[294, 257, 255]
[297, 258, 256]
[296, 258, 256]
[296, 258, 256]
[296, 258, 256]
[294, 258, 256]
[292, 257, 257]
[294, 258, 256]
[298, 257, 255]
[298, 263, 254]
[292, 259, 257]
[290, 258, 256]
[290, 258, 255]
[290, 257, 254]
[294, 258, 256]
[298, 256, 258]
[295, 258, 255]
[294, 259, 255]
[291, 256, 255]
[296, 256, 255]
[294, 258, 256]
[304, 259, 256]
[304, 257, 252]
[287, 257, 253]
[290, 257, 254]
[289, 259, 256]
[296, 258, 255]
[294, 260, 258]
[294, 256, 255]
[294, 258, 255]
[295, 258, 256]
[296, 259, 255]
[294, 258, 255]
[301, 260, 258]
[296, 258, 255]
[297, 257, 257]
[302, 257, 256]
[294, 256, 254]
[292, 256, 256]
[291, 257, 255]
[292, 256, 256]
[297, 259, 260]
[294, 256, 256]
[293, 260, 254]
[296, 257, 256]
[297, 258, 255]
[298, 257, 257]
[298, 258, 254]
[295, 259, 256]
[298, 258, 258]
[298, 259, 256]
[300, 259, 255]
[300, 259, 257]
[285, 256, 256]
[289, 260, 258]
[295, 260, 257]
[296, 257, 255]
[298, 261, 259]
[296, 260, 259]
[297, 256, 255]
[297, 258, 257]
[296, 257, 256]
[295, 258, 257]
[295, 258, 256]
[295, 257, 255]
[301, 266, 260]
[295, 259, 257]
[291, 256, 254]
[290, 257, 257]
[295, 257, 256]
[297, 257, 256]
[296, 257, 254]
[297, 256, 256]
[299, 259, 260]
[296, 259, 255]
[294, 260, 255]
[295, 261, 258]
[295, 260, 257]
[297, 261, 255]
[297, 260, 254]
[302, 260, 255]
[298, 263, 259]
[301, 257, 257]
[289, 256, 257]
[291, 256, 257]
[295, 258, 256]
[293, 259, 258]
[293, 257, 257]
[297, 258, 256]
[301, 258, 260]
[296, 260, 256]
[298, 259, 256]
[300, 260, 257]
[303, 259, 257]
[299, 260, 257]
[298, 261, 257]
[290, 261, 256]
[293, 259, 257]
[296, 259, 258]
[294, 259, 256]
[294, 260, 258]
[296, 259, 257]
[293, 260, 257]
[298, 261, 258]
[299, 257, 257]
[296, 260, 261]
[291, 258, 258]
[295, 260, 258]
[297, 258, 256]
[298, 262, 258]
[293, 260, 257]
[294, 259, 258]
[292, 260, 256]
[295, 260, 258]
[298, 260, 257]
[300, 260, 257]
[300, 258, 257]
[294, 257, 256]
[296, 259, 257]
[298, 260, 256]
[298, 260, 257]
[301, 262, 258]
[298, 263, 258]
[297, 260, 260]
[297, 260, 258]
[298, 259, 258]
[290, 259, 258]
[292, 262, 258]
[295, 260, 258]
[296, 264, 258]
[297, 257, 258]
[295, 259, 256]
[296, 259, 258]
[298, 258, 260]
[298, 260, 258]
[295, 259, 256]
[296, 258, 257]
[303, 263, 258]
[302, 261, 256]
[291, 260, 258]
[291, 262, 258]
[292, 260, 257]
[297, 263, 257]
[295, 260, 257]
[300, 261, 258]
[295, 263, 261]
[296, 259, 260]
[296, 260, 258]
[297, 259, 256]
[297, 258, 258]
[299, 259, 256]
[297, 260, 256]
[298, 261, 259]
[296, 264, 258]
[298, 258, 257]
[293, 260, 256]
[295, 259, 258]
[298, 258, 256]
[297, 261, 261]
[297, 261, 258]
[297, 259, 256]
[300, 264, 261]
[298, 262, 258]
[300, 262, 259]
[293, 262, 258]
[292, 261, 258]
[292, 261, 261]
[302, 262, 257]
[306, 262, 260]
[289, 258, 260]
[290, 258, 258]
[296, 260, 257]
[295, 259, 260]
[300, 261, 259]
[299, 259, 257]
[297, 259, 259]
[293, 258, 257]
[293, 258, 260]
[297, 260, 257]
[302, 262, 258]
[300, 261, 257]
[302, 262, 256]
[297, 260, 256]
[295, 261, 257]
[296, 262, 258]
[297, 262, 261]
[296, 262, 259]
[296, 262, 260]
[293, 262, 259]
[299, 261, 260]
[300, 260, 259]
[298, 262, 260]
[297, 261, 259]
[296, 261, 258]
[297, 261, 260]
[295, 259, 257]
[303, 261, 259]
[303, 260, 258]
[292, 261, 257]
[293, 259, 260]
[293, 259, 259]
[297, 261, 260]
[297, 262, 256]
[297, 262, 260]
[299, 261, 259]
[296, 263, 259]
[294, 263, 257]
[299, 263, 260]
[300, 259, 260]
[297, 262, 260]
[301, 264, 260]
[302, 262, 263]
[300, 262, 260]
[296, 261, 261]
[295, 262, 260]
[295, 262, 260]
[293, 262, 258]
[294, 260, 259]
[295, 263, 260]
[298, 262, 257]
[301, 262, 257]
[301, 261, 259]
[301, 262, 258]
[300, 262, 258]
[302, 262, 257]
[298, 261, 259]
[301, 265, 262]
[298, 261, 260]
[292, 265, 259]
[293, 262, 260]
[297, 264, 260]
[297, 263, 259]
[301, 263, 260]
[299, 262, 260]
[301, 259, 260]
[295, 260, 262]
[296, 260, 258]
[297, 260, 260]
[301, 262, 260]
[299, 263, 260]
[301, 266, 258]
[296, 262, 260]
[295, 265, 259]
[294, 263, 259]
[297, 264, 261]
[297, 263, 258]
[298, 262, 260]
[296, 263, 260]
[302, 262, 258]
[299, 263, 260]
[299, 264, 261]
[299, 262, 261]
[297, 262, 261]
[298, 260, 262]
[298, 261, 259]
[299, 264, 264]
[303, 262, 260]
[294, 261, 258]
[294, 260, 258]
[295, 261, 258]
[300, 261, 258]
[300, 263, 262]
[298, 264, 258]
[299, 263, 259]
[303, 265, 260]
[301, 262, 260]
[299, 263, 262]
[299, 264, 261]
[300, 264, 260]
[295, 263, 262]
[298, 263, 259]
[294, 262, 261]
[297, 266, 263]
[300, 263, 261]
[297, 264, 261]
[297, 264, 261]
[296, 262, 259]
[300, 263, 262]
[300, 263, 262]
[298, 262, 262]
[296, 264, 263]
[297, 262, 261]
[303, 263, 259]
[301, 263, 259]
[302, 263, 260]
[294, 262, 260]
[297, 261, 260]
[294, 261, 259]
[299, 267, 262]
[300, 263, 259]
[303, 264, 262]
[296, 263, 262]
[297, 262, 261]
[296, 264, 262]
[298, 265, 263]
[299, 263, 262]
[302, 263, 263]
[302, 264, 260]
[298, 263, 262]
[302, 264, 262]
[302, 262, 261]
[295, 263, 262]
[293, 260, 262]
[299, 260, 264]
[298, 264, 263]
[297, 264, 260]
[300, 264, 260]
[305, 263, 261]
[306, 263, 261]
[302, 263, 261]
[299, 264, 261]
[301, 263, 260]
[303, 266, 266]
[301, 264, 262]
[296, 264, 262]
[295, 264, 261]
[297, 266, 262]
[294, 264, 261]
[294, 266, 262]
[298, 263, 262]
[302, 266, 263]
[302, 262, 265]
[302, 260, 262]
[300, 263, 261]
[299, 262, 260]
[300, 262, 262]
[301, 263, 262]
[301, 269, 260]
[300, 266, 259]
[299, 263, 264]
[295, 263, 262]
[295, 263, 262]
[300, 265, 263]
[301, 265, 262]
[301, 264, 262]
[299, 263, 264]
[301, 266, 265]
[300, 262, 262]
[299, 263, 264]
[296, 262, 259]
[297, 264, 260]
[302, 264, 262]
[304, 264, 264]
[301, 265, 262]
[301, 264, 265]
[298, 264, 261]
[299, 263, 262]
[302, 263, 262]
[301, 264, 260]
[301, 263, 262]
[305, 265, 262]
[299, 263, 262]
[301, 269, 263]
[299, 268, 263]
[298, 264, 262]
[304, 265, 263]
[305, 266, 261]
[298, 266, 263]
[299, 268, 263]
[302, 262, 263]
[299, 264, 265]
[296, 263, 261]
[297, 262, 261]
[299, 262, 262]
[299, 262, 265]
[299, 265, 261]
[302, 265, 263]
[302, 262, 261]
[304, 266, 264]
[297, 265, 261]
[298, 265, 262]
[303, 266, 264]
[303, 266, 262]
[296, 265, 261]
[296, 266, 263]
[302, 266, 263]
[304, 267, 266]
[299, 266, 266]
[300, 264, 264]
[302, 267, 263]
[298, 264, 264]
[296, 265, 266]
[299, 266, 265]
[298, 265, 263]
[297, 266, 265]
[305, 264, 264]
[309, 266, 263]
[300, 265, 261]
[300, 265, 261]
[300, 263, 263]
[301, 264, 263]
[300, 266, 263]
[299, 267, 264]
[300, 267, 261]
[300, 266, 261]
[301, 266, 263]
[298, 268, 263]
[300, 268, 264]
[298, 266, 266]
[300, 266, 262]
[305, 265, 265]
[303, 266, 264]
[304, 266, 264]
[294, 264, 265]
[295, 264, 263]
[299, 263, 261]
[298, 264, 264]
[301, 266, 263]
[300, 264, 268]
[300, 264, 265]
[299, 264, 262]
[298, 264, 261]
[303, 265, 262]
[301, 267, 262]
[301, 265, 263]
[303, 264, 262]
[299, 263, 262]
[300, 265, 262]
[298, 266, 263]
[304, 266, 262]
[304, 266, 264]
[300, 269, 263]
[300, 267, 263]
[302, 266, 263]
[302, 268, 265]
[298, 264, 262]
[297, 265, 264]
[300, 266, 265]
[301, 267, 263]
[300, 264, 263]
[303, 267, 264]
[305, 265, 264]
[297, 265, 266]
[294, 264, 264]
[295, 266, 262]
[301, 267, 263]
[302, 267, 263]
[301, 268, 262]
[300, 266, 262]
[304, 267, 262]
[301, 265, 266]
[306, 267, 267]
[304, 267, 264]
[305, 268, 265]
[302, 266, 265]
[301, 266, 265]
[294, 266, 265]
[293, 266, 265]
[302, 266, 264]
[300, 265, 263]
[300, 266, 266]
[300, 264, 263]
[300, 264, 264]
[300, 264, 266]
[302, 267, 265]
[299, 267, 264]
[301, 266, 264]
[304, 266, 265]
[303, 264, 262]
[303, 267, 263]
[305, 267, 263]
[306, 265, 264]
[298, 265, 263]
[297, 267, 262]
[300, 267, 266]
[300, 267, 265]
[300, 266, 263]
[300, 268, 264]
[300, 266, 264]
[299, 268, 265]
[302, 269, 265]
[307, 268, 264]
[304, 267, 266]
[306, 267, 265]
[309, 265, 265]
[295, 265, 266]
[297, 265, 265]
[295, 264, 265]
[299, 267, 266]
[301, 266, 265]
[300, 266, 265]
[301, 268, 262]
[305, 268, 266]
[304, 268, 265]
[303, 265, 265]
[304, 268, 264]
[302, 267, 264]
[312, 271, 266]
[307, 268, 265]
[296, 265, 265]
[296, 270, 266]
[299, 266, 266]
[300, 270, 265]
[298, 267, 264]
[300, 268, 266]
[301, 266, 268]
[303, 267, 264]
[304, 267, 265]
[302, 267, 266]
[302, 267, 265]
[305, 266, 264]
[305, 267, 267]
[304, 268, 265]
[305, 269, 264]
[303, 266, 266]
[297, 268, 264]
[296, 269, 266]
[304, 268, 266]
[303, 267, 264]
[303, 268, 266]
[301, 268, 266]
[305, 271, 266]
[303, 269, 266]
[304, 266, 265]
[300, 268, 265]
[301, 267, 264]
[307, 271, 266]
[308, 269, 266]
[307, 269, 267]
[300, 268, 268]
[296, 267, 264]
[301, 265, 266]
[303, 267, 266]
[301, 269, 264]
[302, 270, 264]
[303, 267, 265]
[304, 267, 264]
[305, 267, 267]
[302, 268, 264]
[300, 267, 266]
[307, 269, 268]
[310, 269, 266]
[300, 266, 265]
[298, 270, 266]
[300, 269, 266]
[303, 270, 271]
[300, 269, 266]
[300, 269, 264]
[300, 268, 266]
[303, 267, 266]
[299, 268, 266]
[305, 270, 266]
[306, 269, 267]
[309, 270, 269]
[300, 267, 265]
[300, 268, 265]
[308, 269, 264]
[308, 267, 264]
[296, 268, 266]
[294, 268, 264]
[303, 269, 266]
[307, 269, 266]
[303, 269, 265]
[306, 270, 267]
[305, 269, 266]
[301, 270, 266]
[303, 270, 269]
[304, 269, 267]
[303, 267, 267]
[309, 270, 269]
[303, 267, 264]
[306, 267, 267]
[300, 268, 266]
[299, 269, 266]
[302, 266, 265]
[306, 267, 264]
[300, 268, 267]
[302, 270, 269]
[302, 268, 266]
[302, 268, 266]
[301, 269, 265]
[303, 267, 265]
[302, 269, 268]
[304, 269, 268]
[303, 269, 268]
[310, 270, 269]
[308, 271, 268]
[309, 270, 267]
[298, 267, 266]
[294, 267, 268]
[302, 268, 266]
[303, 270, 269]
[306, 268, 266]
[309, 268, 271]
[302, 267, 265]
[303, 270, 265]
[301, 269, 265]
[304, 267, 270]
[302, 269, 267]
[308, 269, 265]
[307, 270, 264]
[300, 270, 269]
[298, 269, 268]
[306, 270, 268]
[305, 270, 267]
[305, 270, 269]
[303, 270, 267]
[304, 272, 267]
[304, 268, 268]
[303, 270, 269]
[302, 272, 268]
[305, 270, 267]
[302, 270, 268]
[303, 268, 265]
[302, 269, 269]
[305, 268, 270]
[305, 268, 267]
[303, 271, 270]
[300, 270, 266]
[304, 268, 266]
[304, 271, 266]
[304, 269, 267]
[305, 269, 268]
[304, 269, 265]
[303, 268, 267]
[302, 271, 268]
[304, 272, 268]
[305, 270, 268]
[308, 268, 269]
[306, 269, 268]
[306, 269, 267]
[296, 270, 266]
[298, 272, 265]
[304, 270, 267]
[304, 270, 266]
[302, 270, 266]
[302, 270, 268]
[303, 270, 267]
[305, 270, 266]
[303, 268, 265]
[302, 270, 267]
[304, 271, 269]
[305, 270, 268]
[305, 271, 268]
[303, 270, 268]
[304, 270, 267]
[300, 271, 268]
[299, 270, 268]
[301, 270, 270]
[307, 271, 273]
[305, 267, 266]
[303, 270, 266]
[303, 270, 266]
[302, 268, 266]
[301, 269, 270]
[301, 271, 266]
[305, 271, 267]
[304, 271, 270]
[306, 269, 267]
[305, 270, 267]
[301, 269, 267]
[301, 270, 266]
[299, 270, 267]
[308, 272, 267]
[305, 273, 267]
[302, 272, 270]
[300, 270, 268]
[305, 271, 272]
[304, 268, 270]
[305, 271, 269]
[306, 271, 269]
[307, 271, 269]
[309, 272, 267]
[308, 268, 270]
[299, 269, 269]
[299, 268, 270]
[304, 270, 268]
[302, 268, 267]
[304, 271, 268]
[306, 268, 267]
[306, 271, 269]
[305, 270, 270]
[305, 271, 266]
[304, 269, 267]
[305, 272, 268]
[310, 272, 268]
[308, 272, 267]
[312, 271, 269]
[302, 271, 268]
[304, 274, 269]
[301, 268, 270]
[301, 272, 270]
[305, 271, 270]
[305, 271, 271]
[306, 272, 270]
[304, 269, 270]
[303, 272, 270]
[305, 269, 268]
[304, 272, 270]
[303, 271, 270]
[305, 272, 271]
[303, 268, 266]
[304, 271, 270]
[288, 268, 270]
[293, 269, 269]
[288, 270, 268]
[273, 270, 268]
[275, 266, 269]
[258, 268, 270]
[258, 269, 267]
[264, 268, 266]
[261, 269, 268]
[267, 269, 268]
[262, 271, 267]
[263, 268, 271]
[265, 268, 269]
[262, 267, 269]
[261, 269, 271]
[262, 270, 268]
[262, 269, 269]
[263, 269, 269]
[262, 268, 265]
[259, 268, 268]
[259, 267, 268]
[260, 267, 269]
[260, 268, 269]
[259, 267, 267]
[260, 267, 264]
[261, 268, 266]
[259, 267, 268]
[258, 268, 268]
[258, 271, 266]
[257, 267, 267]
[258, 268, 267]
[255, 267, 269]
[256, 268, 268]
[261, 270, 269]
[262, 267, 267]
[262, 268, 267]
[262, 269, 267]
[279, 269, 269]
[282, 268, 267]
[294, 268, 269]
[295, 270, 270]
[307, 272, 268]
[308, 271, 270]
[309, 271, 266]
[297, 269, 269]
[297, 270, 268]
[302, 272, 267]
[301, 269, 269]
[295, 270, 270]
[300, 274, 271]
[300, 271, 269]
[299, 269, 269]
[301, 271, 269]
[305, 273, 267]
[305, 272, 269]
[305, 272, 267]
[310, 269, 269]
[296, 269, 271]
[292, 268, 269]
[298, 269, 268]
[296, 268, 271]
[297, 271, 270]
[301, 270, 270]
[301, 271, 270]
[306, 270, 270]
[307, 272, 273]
[303, 271, 270]
[304, 273, 268]
[304, 270, 270]
[311, 271, 267]
[307, 270, 268]
[307, 271, 270]
[307, 274, 269]
[305, 271, 269]
[302, 271, 270]
[311, 271, 270]
[309, 271, 270]
[311, 272, 273]
[312, 271, 269]
[308, 272, 270]
[310, 273, 270]
[312, 272, 270]
[311, 272, 269]
[312, 273, 271]
[308, 270, 267]
[309, 270, 268]
[310, 270, 272]
[312, 271, 270]
[307, 270, 271]
[316, 273, 271]
[310, 270, 269]
[314, 271, 269]
[311, 271, 270]
[313, 271, 270]
[314, 270, 268]
[314, 272, 268]
[310, 271, 270]
[308, 276, 270]
[314, 276, 269]
[313, 273, 271]
[316, 273, 271]
[314, 272, 270]
[315, 273, 269]
[310, 273, 270]
[307, 272, 272]
[317, 274, 273]
[315, 276, 269]
[307, 271, 268]
[307, 271, 270]
[311, 273, 269]
[311, 272, 272]
[312, 272, 269]
[313, 272, 268]
[316, 274, 273]
[312, 272, 269]
[310, 272, 268]
[308, 275, 269]
[308, 272, 273]
[307, 272, 268]
[307, 270, 269]
[307, 272, 269]
[310, 274, 272]
[308, 273, 271]
[310, 273, 271]
[312, 276, 269]
[300, 272, 271]
[299, 272, 269]
[300, 274, 271]
[304, 272, 271]
[308, 274, 273]
[306, 271, 272]
[306, 271, 270]
[293, 270, 272]
[293, 270, 270]
[301, 271, 272]
[301, 271, 270]
[303, 269, 270]
[298, 273, 270]
[299, 273, 270]
[302, 271, 269]
[302, 274, 269]
[305, 272, 269]
[302, 273, 268]
[304, 273, 272]
[304, 273, 268]
[304, 274, 273]
[300, 272, 271]
[301, 272, 271]
[302, 272, 271]
[302, 274, 272]
[305, 272, 271]
[306, 274, 273]
[306, 273, 272]
[306, 271, 274]
[304, 272, 271]
[302, 274, 269]
[300, 272, 270]
[298, 270, 269]
[295, 270, 269]
[292, 271, 271]
[291, 271, 271]
[290, 273, 273]
[289, 271, 271]
[288, 274, 273]
[290, 272, 271]
[286, 271, 271]
[289, 273, 271]
[288, 269, 272]
[290, 270, 271]
[290, 274, 271]
[292, 270, 271]
[294, 270, 271]
[293, 271, 272]
[300, 272, 271]
[301, 272, 271]
[304, 271, 271]
[304, 272, 271]
[305, 273, 272]
[296, 273, 271]
[294, 272, 269]
[300, 275, 271]
[300, 273, 272]
[303, 273, 273]
[307, 274, 272]
[304, 273, 271]
[304, 272, 273]
[305, 273, 272]
[316, 273, 272]
[316, 272, 271]
[299, 274, 271]
[301, 272, 270]
[298, 272, 270]
[300, 273, 271]
[306, 271, 272]
[308, 276, 269]
[309, 273, 271]
[309, 273, 272]
[307, 272, 271]
[311, 273, 271]
[309, 274, 269]
[305, 272, 271]
[304, 275, 272]
[304, 276, 270]
[312, 274, 271]
[312, 274, 271]
[301, 273, 273]
[300, 274, 271]
[302, 274, 274]
[300, 273, 270]
[304, 274, 273]
[304, 273, 273]
[302, 272, 273]
[298, 272, 273]
[297, 274, 272]
[302, 272, 271]
[302, 272, 272]
[311, 274, 270]
[312, 272, 272]
[300, 272, 273]
[299, 273, 271]
[301, 274, 272]
[295, 272, 270]
[293, 272, 272]
[298, 273, 272]
[295, 272, 270]
[300, 272, 271]
[299, 274, 273]
[304, 275, 272]
[304, 273, 272]
[304, 274, 274]
[312, 274, 270]
[308, 273, 274]
[308, 274, 271]
[304, 274, 271]
[291, 272, 273]
[290, 272, 271]
[291, 272, 271]
[293, 273, 271]
[294, 274, 269]
[300, 274, 271]
[305, 275, 272]
[310, 272, 270]
[303, 274, 271]
[302, 274, 271]
[302, 274, 273]
[302, 274, 271]
