[516, 507, 507]
[517, 508, 506]
[516, 507, 506]
[517, 508, 507]
[416, 227, 158]
[218, 156, 152]
[220, 157, 150]
[219, 155, 149]
[220, 157, 152]
[217, 156, 150]
[216, 154, 150]
[217, 156, 149]
[224, 155, 150]
[219, 156, 152]
[221, 157, 150]
[217, 157, 152]
[217, 153, 150]
[215, 154, 151]
[215, 153, 150]
[217, 155, 152]
[220, 155, 150]
[218, 154, 149]
[222, 157, 148]
[220, 156, 148]
[220, 155, 151]
[223, 158, 148]
[224, 159, 151]
[220, 155, 151]
[217, 156, 152]
[218, 156, 148]
[218, 156, 153]
[215, 156, 151]
[222, 156, 149]
[219, 152, 150]
[217, 155, 152]
[219, 157, 149]
[219, 154, 152]
[219, 155, 150]
[221, 154, 152]
[217, 155, 151]
[220, 155, 151]
[225, 156, 151]
[222, 158, 149]
[221, 158, 151]
[219, 158, 152]
[218, 157, 150]
[224, 162, 152]
[219, 158, 151]
[223, 158, 152]
[221, 159, 151]
[220, 157, 152]
[220, 157, 151]
[220, 159, 154]
[224, 157, 151]
[221, 162, 152]
[230, 159, 153]
[222, 156, 151]
[217, 158, 153]
[216, 158, 153]
[217, 157, 154]
[222, 156, 154]
[223, 158, 152]
[222, 158, 152]
[220, 157, 153]
[221, 158, 152]
[219, 158, 151]
[224, 160, 152]
[223, 159, 152]
[223, 158, 153]
[223, 159, 152]
[223, 161, 158]
[221, 157, 153]
[218, 160, 154]
[222, 156, 150]
[221, 158, 154]
[218, 160, 154]
[216, 157, 154]
[218, 158, 152]
[222, 158, 154]
[225, 159, 152]
[224, 156, 153]
[223, 157, 154]
[223, 157, 153]
[223, 159, 156]
[225, 157, 154]
[224, 155, 152]
[226, 161, 151]
[217, 162, 151]
[220, 159, 153]
[222, 159, 154]
[224, 161, 151]
[220, 159, 153]
[224, 159, 155]
[223, 161, 153]
[219, 160, 156]
[220, 160, 156]
[222, 160, 155]
[226, 160, 156]
[225, 158, 153]
[222, 160, 153]
[219, 161, 156]
[219, 158, 157]
[221, 161, 157]
[221, 159, 153]
[223, 159, 152]
[223, 159, 153]
[222, 160, 152]
[225, 158, 152]
[225, 160, 153]
[223, 160, 155]
[228, 162, 156]
[224, 162, 156]
[226, 162, 155]
[224, 160, 157]
[220, 162, 158]
[220, 160, 156]
[219, 161, 156]
[219, 160, 156]
[222, 162, 158]
[223, 160, 154]
[222, 160, 158]
[224, 162, 155]
[223, 161, 155]
[227, 162, 156]
[223, 160, 154]
[226, 161, 154]
[226, 163, 156]
[225, 161, 155]
[224, 163, 155]
[223, 162, 157]
[224, 161, 155]
[223, 161, 155]
[225, 162, 157]
[224, 159, 156]
[221, 165, 157]
[221, 161, 155]
[225, 161, 156]
[225, 160, 159]
[223, 162, 158]
[222, 161, 155]
[222, 162, 159]
[226, 164, 156]
[225, 159, 156]
[228, 160, 154]
[222, 162, 157]
[222, 162, 154]
[222, 162, 155]
[223, 164, 153]
[226, 163, 154]
[229, 162, 159]
[225, 162, 158]
[221, 160, 158]
[222, 160, 156]
[223, 160, 159]
[224, 160, 158]
[227, 164, 157]
[226, 161, 157]
[218, 162, 157]
[221, 162, 157]
[225, 160, 156]
[226, 162, 160]
[227, 164, 157]
[226, 161, 157]
[224, 162, 160]
[224, 164, 154]
[225, 162, 156]
[228, 165, 158]
[229, 164, 158]
[226, 164, 158]
[221, 166, 158]
[220, 161, 159]
[224, 163, 160]
[225, 164, 159]
[222, 163, 158]
[221, 159, 156]
[226, 161, 156]
[227, 162, 158]
[227, 163, 158]
[228, 164, 156]
[228, 162, 159]
[228, 163, 158]
[223, 161, 158]
[226, 164, 161]
[227, 164, 159]
[229, 164, 159]
[228, 164, 159]
[229, 166, 159]
[222, 164, 159]
[223, 164, 159]
[225, 162, 160]
[226, 162, 158]
[222, 162, 159]
[224, 162, 161]
[225, 164, 160]
[225, 162, 159]
[225, 165, 159]
[227, 164, 160]
[228, 163, 160]
[226, 165, 161]
[226, 169, 159]
[224, 165, 160]
[226, 163, 160]
[228, 166, 161]
[224, 163, 160]
[224, 169, 162]
[228, 168, 157]
[228, 166, 161]
[226, 164, 160]
[226, 164, 160]
[228, 162, 160]
[226, 164, 161]
[225, 163, 160]
[226, 165, 160]
[227, 165, 160]
[228, 164, 158]
[228, 166, 159]
[228, 165, 160]
[224, 165, 160]
[228, 166, 158]
[231, 166, 160]
[228, 164, 160]
[230, 170, 161]
[226, 165, 160]
[224, 165, 164]
[226, 164, 162]
[228, 166, 161]
[227, 166, 159]
[230, 166, 161]
[227, 166, 163]
[226, 164, 161]
[225, 163, 161]
[225, 165, 160]
[228, 167, 162]
[226, 163, 159]
[229, 166, 158]
[229, 165, 161]
[226, 164, 158]
[236, 165, 160]
[232, 169, 161]
[226, 166, 161]
[224, 167, 162]
[230, 167, 166]
[228, 168, 161]
[224, 167, 162]
[223, 168, 162]
[227, 168, 162]
[226, 164, 159]
[225, 166, 162]
[228, 166, 161]
[231, 167, 159]
[227, 165, 161]
[229, 163, 161]
[227, 164, 162]
[231, 167, 162]
[228, 168, 161]
[227, 167, 161]
[229, 171, 162]
[226, 166, 158]
[230, 169, 163]
[228, 168, 161]
[226, 167, 162]
[228, 169, 164]
[227, 168, 163]
[229, 166, 162]
[229, 167, 163]
[227, 168, 163]
[229, 167, 163]
[228, 168, 163]
[225, 165, 160]
[227, 165, 168]
[228, 165, 162]
[233, 167, 161]
[230, 167, 161]
[226, 167, 162]
[228, 168, 160]
[227, 167, 163]
[229, 165, 160]
[230, 166, 159]
[229, 167, 164]
[232, 168, 160]
[226, 167, 162]
[230, 167, 160]
[230, 166, 160]
[229, 169, 164]
[233, 170, 164]
[233, 170, 168]
[232, 170, 164]
[226, 170, 163]
[225, 168, 163]
[226, 169, 164]
[226, 168, 164]
[226, 169, 164]
[228, 168, 166]
[231, 172, 165]
[231, 168, 161]
[231, 168, 161]
[230, 168, 163]
[229, 168, 162]
[227, 167, 164]
[227, 167, 163]
[232, 168, 163]
[230, 173, 164]
[231, 170, 162]
[228, 170, 162]
[225, 169, 162]
[230, 171, 166]
[232, 169, 162]
[233, 170, 163]
[232, 170, 164]
[227, 172, 166]
[225, 168, 166]
[227, 171, 164]
[228, 168, 163]
[229, 170, 165]
[227, 170, 163]
[230, 170, 165]
[228, 166, 166]
[229, 170, 166]
[229, 170, 164]
[230, 170, 161]
[231, 168, 162]
[227, 169, 164]
[227, 169, 162]
[231, 171, 165]
[231, 170, 163]
[234, 170, 162]
[231, 170, 163]
[231, 171, 164]
[230, 171, 163]
[232, 172, 167]
[236, 171, 164]
[232, 172, 165]
[225, 170, 166]
[229, 171, 166]
[232, 168, 166]
[228, 168, 166]
[231, 168, 162]
[229, 171, 166]
[232, 168, 163]
[229, 168, 166]
[229, 169, 166]
[237, 172, 165]
[232, 170, 166]
[231, 171, 166]
[231, 173, 163]
[232, 172, 164]
[228, 172, 166]
[231, 171, 166]
[232, 169, 164]
[234, 175, 166]
[230, 172, 166]
[230, 171, 166]
[232, 171, 168]
[231, 169, 166]
[230, 172, 168]
[230, 172, 168]
[231, 168, 164]
[228, 171, 168]
[230, 171, 163]
[233, 170, 165]
[234, 170, 165]
[231, 170, 166]
[230, 170, 164]
[231, 170, 164]
[231, 172, 164]
[234, 173, 167]
[232, 170, 168]
[232, 172, 167]
[230, 171, 167]
[227, 171, 165]
[226, 171, 166]
[231, 172, 166]
[227, 170, 167]
[232, 171, 172]
[228, 172, 168]
[228, 174, 165]
[229, 172, 164]
[232, 171, 167]
[232, 170, 167]
[233, 173, 166]
[230, 171, 168]
[230, 171, 169]
[234, 173, 169]
[231, 174, 168]
[232, 171, 168]
[233, 173, 167]
[232, 171, 167]
[231, 173, 168]
[232, 173, 167]
[230, 172, 168]
[232, 171, 167]
[234, 169, 165]
[232, 170, 166]
[232, 174, 168]
[233, 170, 167]
[234, 170, 168]
[234, 169, 167]
[232, 170, 168]
[229, 170, 165]
[233, 171, 167]
[234, 174, 168]
[234, 176, 167]
[233, 174, 166]
[234, 176, 167]
[233, 172, 169]
[231, 174, 170]
[229, 173, 168]
[234, 174, 170]
[236, 172, 168]
[228, 173, 168]
[228, 172, 167]
[231, 172, 170]
[232, 174, 169]
[231, 173, 168]
[234, 173, 167]
[234, 174, 169]
[237, 174, 168]
[236, 174, 167]
[233, 171, 167]
[230, 173, 166]
[232, 171, 167]
[235, 173, 171]
[231, 174, 167]
[234, 175, 170]
[231, 174, 170]
[232, 174, 170]
[230, 174, 169]
[230, 174, 170]
[230, 174, 170]
[231, 171, 170]
[236, 172, 172]
[235, 173, 167]
[229, 173, 170]
[229, 172, 169]
[236, 176, 168]
[233, 172, 170]
[235, 174, 168]
[236, 172, 169]
[235, 173, 168]
[232, 173, 172]
[232, 175, 168]
[236, 175, 168]
[235, 175, 170]
[234, 175, 169]
[234, 175, 168]
[235, 175, 169]
[235, 175, 168]
[236, 176, 171]
[234, 176, 167]
[233, 175, 170]
[232, 175, 172]
[233, 176, 171]
[231, 173, 170]
[233, 177, 169]
[232, 172, 170]
[231, 175, 169]
[233, 173, 172]
[234, 175, 170]
[236, 175, 172]
[240, 174, 168]
[238, 174, 169]
[230, 172, 171]
[231, 175, 168]
[232, 175, 170]
[235, 175, 171]
[237, 176, 167]
[234, 175, 168]
[233, 175, 169]
[238, 175, 171]
[234, 175, 171]
[234, 176, 169]
[235, 176, 171]
[236, 176, 171]
[234, 175, 171]
[234, 176, 172]
[234, 176, 172]
[232, 172, 172]
[237, 174, 168]
[236, 177, 169]
[235, 179, 171]
[235, 173, 171]
[235, 175, 169]
[236, 174, 169]
[236, 175, 172]
[235, 177, 169]
[237, 175, 169]
[234, 176, 172]
[236, 176, 171]
[236, 176, 171]
[238, 179, 172]
[238, 178, 170]
[233, 178, 172]
[235, 176, 171]
[236, 178, 172]
[238, 176, 171]
[235, 176, 173]
[235, 176, 174]
[233, 176, 172]
[233, 176, 174]
[233, 176, 172]
[239, 176, 173]
[238, 178, 172]
[239, 178, 170]
[238, 178, 168]
[240, 177, 171]
[232, 178, 171]
[232, 177, 170]
[237, 178, 174]
[238, 178, 171]
[235, 178, 170]
[232, 178, 171]
[237, 176, 171]
[236, 178, 172]
[235, 177, 174]
[232, 175, 173]
[233, 180, 171]
[236, 181, 174]
[236, 178, 173]
[233, 176, 173]
[236, 176, 171]
[233, 176, 174]
[233, 177, 169]
[235, 176, 173]
[236, 176, 173]
[235, 181, 175]
[235, 178, 171]
[234, 178, 174]
[236, 178, 173]
[234, 179, 174]
[236, 178, 171]
[241, 180, 174]
[239, 178, 172]
[238, 178, 171]
[237, 179, 171]
[232, 178, 170]
[235, 178, 176]
[235, 178, 174]
[233, 177, 176]
[235, 178, 176]
[233, 176, 173]
[238, 180, 175]
[237, 176, 172]
[238, 178, 170]
[239, 177, 174]
[238, 175, 174]
[241, 176, 172]
[240, 182, 172]
[241, 177, 171]
[235, 178, 175]
[234, 176, 173]
[233, 180, 174]
[236, 179, 174]
[238, 179, 174]
[237, 180, 172]
[238, 180, 172]
[237, 178, 174]
[235, 184, 174]
[238, 179, 177]
[238, 180, 174]
[241, 181, 176]
[238, 177, 172]
[235, 176, 173]
[236, 177, 174]
[234, 176, 172]
[240, 179, 174]
[238, 180, 177]
[242, 180, 172]
[239, 181, 172]
[239, 179, 174]
[238, 177, 172]
[238, 180, 172]
[237, 179, 173]
[238, 183, 174]
[237, 179, 176]
[238, 181, 175]
[240, 180, 175]
[237, 179, 175]
[236, 180, 176]
[235, 180, 174]
[236, 180, 175]
[236, 179, 177]
[233, 177, 173]
[238, 180, 174]
[239, 177, 176]
[237, 179, 175]
[239, 181, 174]
[239, 180, 174]
[238, 179, 175]
[241, 182, 177]
[242, 179, 173]
[242, 183, 175]
[232, 180, 173]
[235, 180, 175]
[239, 179, 175]
[237, 179, 174]
[239, 180, 176]
[239, 182, 178]
[239, 180, 177]
[236, 180, 175]
[236, 179, 176]
[238, 179, 176]
[238, 181, 177]
[236, 180, 176]
[236, 184, 177]
[237, 181, 177]
[239, 179, 176]
[240, 179, 175]
[237, 180, 176]
[237, 182, 176]
[238, 180, 176]
[239, 179, 176]
[241, 182, 173]
[243, 186, 177]
[238, 182, 177]
[236, 182, 177]
[236, 182, 175]
[240, 182, 178]
[239, 182, 175]
[242, 184, 177]
[241, 183, 180]
[233, 179, 176]
[233, 180, 176]
[235, 179, 178]
[244, 180, 176]
[240, 181, 177]
[238, 178, 176]
[238, 179, 173]
[241, 180, 177]
[238, 182, 179]
[244, 182, 177]
[242, 182, 175]
[245, 181, 177]
[240, 181, 177]
[239, 182, 176]
[237, 183, 177]
[237, 180, 178]
[236, 182, 181]
[238, 182, 175]
[239, 180, 176]
[239, 180, 180]
[242, 180, 178]
[238, 181, 178]
[239, 181, 178]
[239, 181, 176]
[241, 182, 178]
[242, 184, 177]
[240, 184, 175]
[241, 181, 177]
[237, 183, 176]
[239, 184, 178]
[236, 182, 176]
[236, 183, 177]
[240, 181, 178]
[239, 184, 179]
[237, 182, 179]
[236, 185, 177]
[238, 182, 178]
[238, 180, 177]
[241, 182, 178]
[242, 180, 176]
[240, 180, 178]
[241, 181, 178]
[243, 181, 177]
[242, 181, 178]
[237, 181, 177]
[237, 180, 180]
[240, 180, 179]
[238, 182, 178]
[242, 182, 177]
[242, 184, 177]
[240, 182, 179]
[242, 184, 179]
[240, 184, 178]
[239, 185, 180]
[239, 184, 178]
[246, 183, 179]
[240, 180, 179]
[235, 183, 180]
[234, 184, 179]
[239, 181, 178]
[239, 181, 176]
[239, 184, 176]
[240, 183, 176]
[242, 183, 178]
[243, 183, 177]
[241, 184, 177]
[242, 187, 179]
[241, 182, 181]
[242, 183, 180]
[241, 184, 180]
[241, 183, 180]
[241, 183, 180]
[240, 183, 180]
[240, 184, 180]
[241, 186, 180]
[243, 183, 180]
[242, 182, 180]
[241, 183, 180]
[241, 182, 179]
[241, 186, 180]
[242, 184, 176]
[244, 182, 177]
[240, 182, 177]
[239, 184, 176]
[245, 183, 179]
[244, 185, 181]
[243, 185, 179]
[238, 186, 179]
[238, 185, 179]
[239, 184, 180]
[239, 183, 180]
[241, 185, 181]
[240, 187, 181]
[242, 182, 180]
[242, 185, 181]
[239, 185, 179]
[242, 185, 178]
[240, 185, 180]
[248, 186, 181]
[246, 186, 179]
[236, 185, 178]
[237, 187, 178]
[237, 185, 180]
[240, 188, 181]
[238, 186, 179]
[240, 186, 181]
[242, 184, 182]
[245, 186, 179]
[243, 184, 179]
[244, 182, 181]
[241, 184, 178]
[246, 187, 182]
[239, 186, 180]
[240, 186, 179]
[244, 186, 177]
[242, 185, 179]
[241, 184, 181]
[238, 184, 178]
[240, 184, 182]
[245, 183, 180]
[243, 185, 181]
[242, 188, 183]
[242, 187, 181]
[240, 186, 182]
[238, 186, 184]
[241, 185, 181]
[240, 187, 182]
[245, 186, 188]
[243, 184, 182]
[243, 185, 182]
[239, 184, 180]
[240, 182, 182]
[243, 184, 180]
[246, 186, 180]
[242, 184, 180]
[245, 186, 182]
[240, 186, 179]
[244, 188, 183]
[244, 187, 184]
[245, 186, 179]
[244, 188, 183]
[244, 188, 182]
[244, 187, 182]
[242, 187, 184]
[240, 190, 184]
[240, 184, 183]
[242, 185, 184]
[241, 186, 182]
[239, 187, 184]
[240, 184, 182]
[249, 185, 182]
[250, 189, 184]
[244, 185, 181]
[241, 187, 180]
[243, 184, 181]
[244, 188, 180]
[243, 187, 181]
[245, 190, 183]
[243, 188, 180]
[248, 187, 183]
[242, 185, 183]
[242, 185, 181]
[246, 189, 183]
[244, 187, 186]
[244, 188, 183]
[242, 189, 184]
[243, 189, 184]
[244, 188, 186]
[243, 185, 183]
[243, 185, 183]
[242, 187, 184]
[243, 185, 182]
[245, 186, 184]
[242, 187, 185]
[242, 186, 182]
[242, 188, 185]
[242, 185, 181]
[241, 185, 181]
[245, 186, 181]
[244, 187, 183]
[246, 186, 182]
[247, 187, 185]
[242, 188, 179]
[244, 189, 185]
[246, 188, 183]
[249, 188, 183]
[242, 188, 184]
[242, 186, 185]
[241, 188, 184]
[243, 189, 182]
[243, 188, 183]
[249, 188, 184]
[246, 187, 183]
[244, 186, 185]
[243, 187, 186]
[241, 188, 184]
[246, 191, 182]
[243, 186, 180]
[247, 189, 182]
[246, 190, 181]
[245, 189, 183]
[245, 190, 184]
[246, 189, 182]
[246, 189, 182]
[244, 190, 182]
[245, 189, 183]
[246, 189, 185]
[248, 191, 189]
[242, 190, 182]
[241, 188, 186]
[241, 187, 184]
[243, 190, 186]
[241, 187, 186]
[240, 189, 186]
[247, 189, 185]
[249, 189, 186]
[245, 189, 183]
[245, 187, 183]
[245, 188, 182]
[245, 187, 182]
[243, 188, 184]
[248, 187, 185]
[245, 191, 183]
[243, 189, 184]
[242, 190, 185]
[244, 190, 184]
[245, 190, 186]
[246, 190, 186]
[248, 191, 182]
[250, 190, 186]
[246, 190, 186]
[246, 189, 186]
[244, 188, 186]
[244, 190, 190]
[241, 190, 185]
[244, 189, 185]
[244, 189, 186]
[243, 190, 185]
[244, 190, 186]
[245, 190, 186]
[249, 190, 186]
[244, 189, 185]
[248, 191, 185]
[247, 193, 184]
[248, 191, 184]
[249, 191, 186]
[242, 189, 186]
[244, 190, 186]
[246, 192, 188]
[245, 187, 186]
[250, 191, 188]
[248, 192, 188]
[242, 188, 186]
[243, 192, 186]
[244, 187, 185]
[247, 189, 189]
[247, 191, 184]
[245, 189, 183]
[245, 192, 188]
[248, 191, 186]
[248, 191, 184]
[248, 189, 187]
[250, 188, 184]
[244, 192, 188]
[241, 192, 188]
[243, 190, 187]
[246, 192, 188]
[245, 192, 186]
[244, 192, 186]
[244, 192, 188]
[243, 191, 186]
[244, 188, 186]
[246, 189, 190]
[253, 192, 188]
[249, 191, 187]
[244, 189, 187]
[245, 189, 188]
[247, 192, 187]
[246, 192, 185]
[247, 194, 188]
[245, 192, 184]
[247, 192, 186]
[243, 192, 188]
[244, 191, 189]
[250, 192, 187]
[248, 192, 187]
[248, 193, 187]
[247, 189, 187]
[247, 192, 188]
[243, 191, 186]
[245, 191, 188]
[244, 190, 185]
[246, 191, 188]
[243, 192, 188]
[246, 192, 188]
[249, 191, 187]
[248, 192, 186]
[248, 192, 186]
[246, 193, 189]
[250, 192, 188]
[250, 191, 187]
[248, 194, 187]
[250, 193, 190]
[249, 193, 190]
[248, 192, 188]
[240, 191, 188]
[244, 190, 186]
[245, 190, 188]
[247, 190, 188]
[246, 191, 186]
[245, 194, 186]
[248, 193, 187]
[249, 191, 186]
[247, 191, 188]
[249, 191, 187]
[249, 194, 187]
[248, 191, 189]
[246, 194, 187]
[250, 192, 188]
[245, 193, 187]
[246, 192, 189]
[246, 191, 187]
[245, 193, 189]
[247, 194, 187]
[245, 193, 187]
[249, 194, 190]
[248, 193, 192]
[247, 189, 190]
[246, 190, 187]
[246, 192, 188]
[250, 194, 189]
[249, 191, 186]
[252, 194, 189]
[247, 193, 190]
[247, 196, 188]
[245, 193, 187]
[247, 194, 191]
[252, 194, 193]
[250, 193, 189]
[244, 190, 190]
[245, 193, 190]
[245, 191, 191]
[252, 198, 190]
[251, 195, 190]
[252, 193, 189]
[252, 194, 186]
[247, 193, 190]
[249, 193, 188]
[247, 193, 190]
[248, 191, 188]
[249, 194, 187]
[250, 193, 188]
[248, 195, 190]
[246, 196, 188]
[244, 194, 191]
[248, 196, 191]
[250, 195, 188]
[249, 194, 190]
[253, 196, 190]
[248, 194, 190]
[248, 193, 190]
[246, 194, 189]
[246, 194, 190]
[245, 194, 189]
[249, 192, 190]
[246, 191, 188]
[250, 194, 188]
[252, 194, 188]
[248, 196, 190]
[249, 196, 190]
[251, 194, 189]
[248, 195, 190]
[249, 195, 190]
[251, 195, 190]
[252, 196, 196]
[246, 195, 191]
[247, 195, 190]
[247, 193, 191]
[247, 192, 190]
[245, 191, 192]
[250, 193, 191]
[250, 193, 194]
[253, 195, 191]
[249, 193, 192]
[251, 193, 191]
[247, 192, 188]
[247, 193, 188]
[248, 193, 189]
[248, 196, 189]
[252, 195, 189]
[255, 197, 192]
[249, 194, 190]
[249, 196, 191]
[250, 196, 191]
[247, 196, 191]
[248, 196, 192]
[251, 194, 191]
[248, 195, 192]
[252, 199, 194]
[247, 196, 192]
[248, 193, 190]
[249, 196, 192]
[253, 195, 191]
[255, 195, 192]
[252, 195, 193]
[245, 194, 189]
[247, 197, 193]
[250, 196, 190]
[253, 195, 190]
[250, 194, 192]
[252, 195, 189]
[251, 196, 192]
[249, 196, 192]
[249, 196, 190]
[253, 197, 193]
[252, 194, 193]
[250, 194, 189]
[247, 196, 192]
[251, 195, 192]
[252, 197, 192]
[250, 196, 193]
[250, 197, 190]
[249, 195, 193]
[246, 194, 192]
[250, 195, 191]
[253, 194, 192]
[250, 196, 190]
[250, 195, 192]
[248, 196, 189]
[250, 195, 193]
[253, 201, 193]
[248, 196, 192]
[252, 198, 195]
[254, 198, 195]
[244, 196, 193]
[242, 195, 195]
[252, 196, 193]
[248, 197, 193]
[250, 195, 194]
[248, 195, 192]
[249, 196, 193]
[250, 198, 192]
[251, 194, 192]
[253, 196, 193]
[250, 196, 192]
[252, 198, 190]
[250, 195, 194]
[250, 195, 193]
[249, 194, 191]
[250, 198, 193]
[249, 195, 192]
[249, 198, 193]
[250, 198, 191]
[252, 200, 190]
[253, 199, 195]
[250, 198, 194]
[250, 198, 194]
[243, 196, 195]
[244, 197, 194]
[243, 197, 194]
[247, 197, 194]
[247, 196, 194]
[253, 195, 194]
[246, 196, 192]
[230, 194, 193]
[229, 193, 192]
[245, 196, 192]
[244, 198, 194]
[243, 195, 194]
[243, 195, 194]
[253, 198, 194]
[253, 200, 192]
[251, 198, 191]
[258, 200, 192]
[257, 200, 193]
[257, 200, 195]
[259, 202, 194]
[247, 197, 193]
[252, 200, 194]
[249, 198, 196]
[257, 200, 196]
[256, 200, 196]
[265, 200, 197]
[260, 198, 196]
[264, 199, 196]
[263, 199, 193]
[261, 200, 194]
[264, 201, 193]
[264, 199, 195]
[268, 202, 195]
[267, 203, 197]
[270, 201, 196]
[269, 200, 196]
[274, 200, 194]
[268, 204, 197]
[279, 203, 196]
[277, 203, 196]
[279, 202, 194]
[280, 204, 196]
[282, 204, 194]
[278, 201, 196]
[280, 202, 201]
[280, 203, 196]
[279, 202, 195]
[281, 202, 194]
[275, 200, 194]
[276, 201, 195]
[281, 205, 195]
[279, 204, 196]
[279, 202, 194]
[280, 207, 197]
[274, 203, 196]
[277, 204, 199]
[275, 204, 196]
[273, 202, 195]
[273, 202, 195]
[264, 202, 196]
[270, 202, 195]
[265, 200, 197]
[266, 202, 198]
[264, 200, 193]
[262, 202, 197]
[262, 202, 196]
[259, 201, 196]
[261, 200, 194]
[263, 202, 194]
[263, 199, 197]
[260, 202, 194]
[261, 204, 197]
[261, 202, 196]
[266, 203, 195]
[265, 201, 197]
[264, 202, 194]
[261, 202, 197]
[257, 202, 200]
[257, 201, 197]
[259, 201, 197]
[260, 202, 197]
[259, 201, 195]
[255, 202, 196]
[255, 201, 195]
[260, 202, 195]
[258, 200, 196]
[263, 202, 193]
[260, 200, 196]
[256, 201, 195]
[258, 201, 194]
[255, 202, 198]
[258, 201, 195]
[259, 202, 197]
[258, 202, 197]
[256, 205, 198]
[255, 202, 198]
[256, 200, 198]
[256, 200, 200]
[258, 202, 196]
[261, 202, 200]
[255, 199, 198]
[257, 200, 196]
[259, 200, 196]
[258, 205, 197]
[260, 204, 197]
[260, 203, 196]
[259, 201, 197]
[254, 201, 197]
[257, 202, 196]
[260, 202, 196]
[258, 205, 198]
[255, 202, 195]
[258, 205, 198]
[260, 204, 198]
[259, 201, 201]
[257, 204, 198]
[265, 203, 198]
[259, 204, 198]
[254, 200, 200]
[250, 202, 198]
[257, 204, 200]
[256, 202, 202]
[256, 201, 198]
[254, 202, 198]
[254, 202, 196]
[259, 199, 197]
[258, 201, 197]
[260, 204, 196]
[259, 203, 197]
[254, 204, 197]
[255, 202, 196]
[253, 201, 196]
[258, 205, 195]
[258, 201, 197]
[258, 204, 201]
[257, 203, 197]
[256, 205, 198]
[256, 206, 198]
[259, 203, 199]
[259, 204, 196]
[260, 207, 201]
[255, 204, 196]
[253, 203, 198]
[259, 203, 199]
[257, 202, 200]
[258, 204, 200]
[261, 203, 200]
[258, 200, 198]
[259, 203, 198]
[259, 206, 198]
[259, 204, 197]
[261, 205, 198]
[253, 205, 199]
[252, 204, 199]
[260, 205, 197]
[259, 204, 198]
[260, 206, 204]
[262, 205, 200]
[259, 202, 200]
[256, 204, 200]
[256, 206, 200]
[259, 204, 200]
[258, 205, 200]
[256, 203, 197]
[256, 206, 201]
[257, 203, 199]
[256, 203, 199]
[257, 203, 200]
[259, 203, 200]
[265, 204, 199]
[258, 203, 198]
[258, 203, 198]
[264, 206, 200]
[260, 205, 202]
[258, 205, 199]
[257, 204, 201]
[256, 204, 199]
[256, 203, 199]
[256, 205, 202]
[261, 205, 198]
[263, 207, 202]
[257, 205, 199]
[259, 205, 199]
[258, 201, 203]
[259, 203, 198]
[259, 202, 198]
[261, 206, 200]
[263, 204, 200]
[257, 204, 201]
[254, 202, 201]
[257, 203, 199]
[259, 201, 201]
[259, 203, 200]
[256, 203, 198]
[255, 204, 198]
[255, 202, 199]
[258, 206, 202]
[261, 206, 201]
[258, 206, 202]
[258, 204, 204]
[256, 205, 202]
[254, 203, 202]
[256, 204, 201]
[256, 206, 202]
[253, 205, 205]
[250, 202, 202]
[252, 203, 201]
[251, 203, 197]
[252, 203, 202]
[250, 202, 201]
[251, 204, 197]
[249, 204, 200]
[252, 203, 203]
[254, 204, 202]
[251, 204, 202]
[253, 204, 200]
[248, 205, 200]
[248, 206, 202]
[236, 203, 202]
[235, 206, 200]
[235, 203, 202]
[239, 200, 200]
[237, 200, 201]
[236, 200, 200]
[235, 202, 200]
[238, 202, 201]
[239, 202, 202]
[240, 202, 201]
[245, 205, 201]
[242, 204, 201]
[240, 204, 201]
[244, 203, 202]
[244, 205, 201]
[243, 206, 199]
[248, 204, 200]
[246, 202, 201]
[248, 209, 203]
[246, 205, 202]
[252, 204, 201]
[254, 206, 202]
[253, 204, 201]
[254, 209, 202]
[254, 204, 204]
[257, 204, 203]
[255, 205, 205]
[258, 205, 201]
[258, 205, 200]
[255, 205, 200]
[255, 205, 202]
[253, 206, 202]
[260, 206, 200]
[260, 204, 199]
[259, 207, 205]
[253, 204, 202]
[261, 207, 202]
[256, 208, 202]
[258, 207, 204]
[258, 206, 202]
[259, 207, 204]
[255, 206, 202]
[257, 209, 205]
[255, 208, 206]
[257, 207, 202]
[258, 207, 204]
[257, 207, 203]
[259, 207, 204]
[256, 204, 204]
[257, 208, 201]
[258, 203, 205]
[258, 207, 202]
[255, 207, 203]
[255, 207, 201]
[256, 207, 204]
[257, 207, 202]
[258, 207, 202]
[256, 207, 204]
[258, 207, 203]
[258, 208, 202]
[257, 205, 204]
[258, 205, 204]
[258, 206, 203]
[255, 205, 203]
[256, 205, 204]
[254, 204, 202]
[251, 204, 205]
[253, 204, 200]
[252, 204, 201]
[252, 204, 204]
[250, 205, 201]
[250, 206, 202]
[252, 206, 203]
[258, 207, 204]
[254, 206, 203]
[251, 206, 205]
[249, 208, 204]
[254, 207, 207]
[254, 208, 207]
[258, 208, 204]
[259, 207, 204]
[260, 208, 204]
[255, 208, 204]
[255, 208, 204]
[258, 212, 202]
[259, 209, 203]
[262, 207, 205]
[258, 206, 203]
[262, 207, 203]
[262, 208, 202]
[264, 206, 206]
[270, 210, 202]
[268, 211, 203]
[270, 211, 203]
[268, 210, 204]
[277, 209, 203]
[276, 210, 202]
[274, 213, 203]
[275, 212, 205]
[277, 212, 207]
[275, 210, 202]
[274, 209, 205]
[279, 210, 205]
[279, 212, 207]
[279, 210, 206]
[279, 209, 204]
[279, 209, 205]
[282, 210, 204]
[283, 212, 204]
[283, 211, 205]
[283, 215, 205]
[279, 212, 203]
[279, 213, 206]
[284, 214, 203]
[280, 214, 205]
[280, 211, 206]
[276, 212, 207]
[273, 212, 206]
[278, 212, 208]
[276, 212, 206]
[277, 213, 208]
[279, 213, 207]
[279, 211, 204]
[273, 212, 206]
[274, 212, 206]
[282, 211, 205]
[276, 209, 206]
[274, 214, 204]
[276, 211, 206]
[274, 210, 204]
[277, 211, 207]
[273, 211, 203]
[280, 213, 204]
[280, 214, 205]
[278, 211, 207]
[280, 213, 205]
[278, 215, 207]
[279, 211, 204]
[276, 214, 206]
[277, 211, 207]
[276, 211, 204]
[274, 210, 206]
[273, 210, 207]
[279, 214, 208]
[278, 211, 205]
[283, 215, 205]
[281, 212, 207]
[280, 214, 207]
[277, 214, 207]
[278, 215, 206]
[279, 214, 205]
[282, 216, 208]
[276, 213, 206]
[272, 215, 207]
[278, 214, 209]
[279, 211, 209]
[280, 211, 205]
[282, 216, 206]
[281, 214, 205]
[275, 212, 205]
[280, 215, 207]
[284, 217, 206]
[282, 214, 205]
[274, 215, 207]
[280, 216, 205]
[277, 214, 209]
[279, 214, 206]
[280, 214, 207]
[284, 216, 207]
[288, 217, 208]
[274, 216, 207]
[275, 212, 206]
[282, 216, 206]
[278, 213, 208]
[278, 212, 210]
[279, 213, 208]
[277, 213, 211]
[288, 214, 210]
[286, 212, 209]
[281, 213, 207]
[281, 217, 207]
[282, 216, 208]
[275, 214, 208]
[277, 217, 208]
[280, 216, 208]
[281, 218, 210]
[278, 213, 209]
[276, 213, 209]
[280, 216, 209]
[278, 215, 208]
[279, 215, 209]
[285, 216, 212]
[283, 215, 207]
[279, 218, 212]
[276, 212, 210]
[281, 215, 209]
[279, 215, 208]
[283, 213, 208]
[277, 214, 208]
[280, 214, 209]
[280, 213, 209]
[280, 218, 207]
[283, 215, 208]
[286, 217, 210]
[279, 216, 209]
[277, 216, 208]
[278, 216, 210]
[284, 217, 213]
[284, 217, 210]
[283, 218, 213]
[286, 217, 208]
[275, 214, 210]
[277, 215, 210]
[286, 218, 210]
[283, 218, 210]
[283, 218, 210]
[283, 216, 210]
[285, 216, 212]
[286, 215, 210]
[286, 216, 208]
[289, 218, 211]
[292, 218, 207]
[283, 214, 210]
[283, 217, 210]
[281, 218, 208]
[290, 220, 210]
[288, 218, 212]
[288, 218, 207]
[288, 218, 210]
[290, 218, 210]
[289, 218, 210]
[288, 218, 212]
[290, 221, 209]
[293, 218, 213]
[290, 218, 212]
[287, 218, 212]
[294, 218, 210]
[295, 218, 211]
[300, 220, 211]
[296, 218, 210]
[297, 220, 211]
[302, 222, 210]
[299, 219, 210]
[301, 221, 211]
[300, 220, 209]
[302, 222, 210]
[302, 222, 212]
[308, 223, 210]
[311, 221, 210]
[310, 224, 213]
[309, 225, 212]
[310, 223, 215]
[313, 223, 214]
[310, 223, 209]
[306, 223, 213]
[303, 221, 213]
[304, 220, 211]
[299, 226, 214]
[297, 224, 213]
[293, 217, 208]
[297, 218, 211]
[299, 220, 211]
[298, 220, 213]
[301, 222, 213]
[301, 219, 211]
[304, 222, 213]
[299, 221, 213]
[299, 223, 211]
[295, 219, 210]
[296, 221, 215]
[291, 222, 212]
[293, 220, 210]
[296, 222, 212]
[298, 223, 213]
[298, 221, 213]
[292, 220, 214]
[294, 223, 214]
[294, 220, 213]
[298, 222, 215]
[288, 220, 213]
[288, 219, 214]
[278, 218, 215]
[276, 216, 211]
[274, 216, 212]
[271, 218, 213]
[272, 215, 210]
[269, 218, 216]
[271, 218, 211]
[268, 216, 214]
[267, 218, 213]
[266, 219, 214]
[272, 218, 214]
[269, 219, 213]
[270, 218, 213]
[267, 218, 215]
[272, 217, 217]
[276, 220, 214]
[269, 217, 213]
[268, 218, 214]
[267, 216, 214]
[266, 218, 212]
[265, 216, 214]
[267, 219, 214]
[269, 216, 214]
[270, 217, 211]
[269, 216, 210]
[263, 216, 215]
[264, 218, 214]
[264, 218, 215]
[274, 221, 212]
[276, 219, 214]
[252, 216, 214]
[252, 218, 212]
[266, 218, 214]
[263, 218, 212]
[265, 218, 213]
[269, 216, 214]
[269, 217, 214]
[263, 217, 212]
[259, 218, 216]
[265, 218, 216]
[267, 218, 214]
[265, 217, 212]
[265, 219, 211]
[266, 218, 212]
[266, 218, 212]
[264, 217, 214]
[256, 217, 213]
[257, 220, 216]
[258, 217, 215]
[258, 217, 216]
[259, 217, 214]
[259, 219, 216]
[260, 217, 216]
[262, 219, 216]
[258, 218, 216]
[260, 216, 215]
[261, 217, 215]
[278, 218, 214]
[277, 220, 214]
[251, 215, 214]
[252, 215, 214]
[251, 217, 213]
[263, 218, 213]
[258, 217, 213]
[262, 221, 215]
[260, 218, 214]
[258, 218, 216]
[257, 216, 218]
[259, 218, 215]
[259, 218, 213]
[265, 218, 216]
[261, 216, 215]
[260, 217, 213]
[253, 223, 216]
[254, 216, 214]
[260, 218, 213]
[260, 215, 214]
[259, 217, 213]
[261, 217, 213]
[261, 216, 213]
[262, 218, 213]
[262, 220, 213]
[258, 219, 215]
[256, 216, 215]
[258, 221, 218]
[256, 218, 214]
[258, 220, 216]
[261, 219, 213]
[263, 216, 215]
[251, 216, 217]
[254, 217, 215]
[259, 220, 216]
[260, 216, 218]
[259, 218, 216]
[262, 217, 215]
[266, 219, 214]
[256, 218, 213]
[258, 218, 213]
[263, 220, 211]
[262, 222, 215]
[254, 218, 215]
[260, 216, 215]
[255, 218, 214]
[256, 217, 213]
[256, 218, 216]
[204, 212, 218]
[204, 215, 216]
[251, 217, 216]
[251, 216, 214]
[263, 217, 215]
[262, 216, 218]
[266, 218, 216]
[264, 218, 213]
[261, 218, 215]
[268, 220, 215]
[264, 217, 214]
[263, 219, 215]
[264, 222, 214]
[264, 220, 215]
[259, 223, 216]
[254, 220, 216]
[262, 217, 215]
[262, 220, 219]
[266, 220, 217]
[259, 220, 217]
[266, 220, 217]
[265, 219, 214]
[268, 221, 217]
[269, 220, 217]
[270, 218, 216]
[267, 218, 214]
[270, 219, 218]
[270, 219, 215]
[268, 220, 217]
[268, 220, 214]
[269, 222, 216]
[268, 220, 216]
[270, 222, 218]
[272, 222, 218]
[277, 222, 217]
[281, 221, 218]
[276, 222, 217]
[276, 222, 217]
[278, 224, 219]
[280, 220, 221]
[281, 222, 219]
[275, 221, 216]
[276, 222, 217]
[273, 220, 216]
[275, 221, 217]
[277, 222, 218]
[279, 227, 222]
[278, 222, 217]
[277, 222, 215]
[274, 220, 217]
[273, 222, 218]
[275, 222, 216]
[275, 221, 217]
[274, 222, 216]
[267, 222, 221]
[269, 223, 218]
[266, 222, 217]
[269, 221, 218]
[269, 222, 217]
[268, 223, 215]
[268, 222, 218]
[274, 222, 218]
[274, 224, 218]
[271, 220, 218]
[272, 223, 216]
[272, 220, 218]
[270, 222, 218]
[270, 225, 217]
[276, 220, 216]
[274, 222, 216]
[261, 219, 218]
[255, 219, 218]
[257, 223, 218]
[264, 220, 215]
[263, 219, 217]
[266, 221, 217]
[266, 219, 218]
[266, 222, 217]
[269, 226, 221]
[266, 218, 218]
[262, 219, 218]
[264, 221, 219]
[268, 219, 218]
[267, 221, 220]
[263, 219, 216]
[264, 221, 218]
[273, 222, 217]
[271, 222, 217]
[266, 222, 218]
[264, 222, 216]
[266, 222, 217]
[261, 222, 219]
[265, 222, 219]
[265, 222, 217]
[269, 224, 222]
[262, 223, 219]
[263, 222, 220]
[262, 220, 219]
[265, 224, 220]
[265, 221, 217]
[259, 222, 219]
[260, 220, 218]
[266, 222, 219]
[265, 222, 219]
[271, 223, 216]
[272, 221, 218]
[273, 223, 220]
[266, 222, 220]
[266, 220, 217]
[271, 224, 221]
[275, 224, 222]
[274, 226, 220]
[273, 223, 217]
[275, 224, 217]
[274, 222, 220]
[273, 224, 220]
[282, 226, 221]
[287, 225, 221]
[288, 229, 221]
[287, 225, 221]
[298, 226, 220]
[298, 225, 220]
[301, 228, 220]
[295, 227, 219]
[298, 228, 219]
[294, 226, 218]
[299, 229, 221]
[290, 226, 220]
[292, 228, 220]
[284, 226, 218]
[284, 226, 220]
[283, 227, 219]
[279, 225, 218]
[278, 225, 220]
[276, 223, 221]
[274, 224, 220]
[267, 223, 222]
[271, 224, 218]
[269, 222, 220]
[271, 223, 220]
[271, 219, 219]
[269, 223, 220]
[272, 223, 224]
[259, 219, 220]
[262, 221, 219]
[268, 223, 217]
[267, 223, 220]
[265, 221, 221]
[265, 223, 220]
[262, 223, 219]
[267, 227, 221]
[261, 225, 220]
[265, 222, 221]
[267, 224, 221]
[262, 221, 220]
[263, 223, 221]
[264, 223, 220]
[267, 223, 221]
[266, 225, 221]
[269, 223, 219]
[268, 222, 219]
[270, 224, 218]
[268, 225, 219]
[269, 225, 218]
[271, 226, 218]
[272, 224, 220]
[252, 222, 220]
[252, 223, 219]
[237, 224, 221]
[238, 222, 223]
[244, 222, 221]
[242, 220, 219]
[251, 222, 221]
[251, 222, 219]
[253, 222, 222]
[269, 223, 221]
[269, 224, 218]
[269, 223, 220]
[271, 224, 222]
[268, 224, 222]
[265, 223, 220]
[266, 222, 219]
[264, 224, 221]
[266, 223, 221]
[262, 225, 220]
[260, 226, 219]
[265, 223, 219]
[266, 224, 222]
[266, 225, 221]
[268, 225, 221]
[270, 222, 221]
[268, 225, 222]
[270, 225, 222]
[268, 225, 222]
[270, 226, 222]
[266, 225, 219]
[267, 224, 223]
[273, 226, 221]
[273, 225, 220]
[271, 225, 221]
[274, 226, 222]
[276, 225, 220]
[276, 225, 222]
[275, 226, 220]
[279, 224, 222]
[277, 224, 221]
[279, 228, 221]
[280, 230, 222]
[279, 228, 222]
[293, 228, 222]
[288, 227, 220]
[295, 230, 224]
[298, 230, 221]
[301, 232, 221]
[303, 232, 222]
[300, 232, 221]
[301, 230, 223]
[304, 230, 223]
[297, 230, 225]
[296, 232, 223]
[295, 228, 222]
[293, 228, 220]
[290, 226, 224]
[290, 227, 220]
[289, 227, 223]
[276, 224, 220]
[277, 225, 224]
[280, 228, 221]
[278, 226, 223]
[273, 225, 223]
[272, 226, 223]
[270, 226, 222]
[272, 226, 221]
[272, 228, 224]
[277, 228, 221]
[275, 228, 226]
[266, 226, 223]
[271, 227, 223]
[268, 224, 223]
[269, 225, 225]
[268, 224, 224]
[272, 224, 223]
[271, 224, 222]
[269, 224, 224]
[267, 226, 225]
[266, 226, 223]
[264, 228, 223]
[264, 226, 223]
[263, 224, 225]
[263, 225, 223]
[271, 227, 223]
[272, 225, 221]
[272, 228, 221]
[276, 229, 223]
[269, 228, 223]
[268, 226, 226]
[271, 226, 223]
[271, 227, 226]
[270, 224, 224]
[268, 227, 223]
[266, 224, 224]
[268, 231, 224]
[270, 224, 223]
[271, 226, 222]
[271, 225, 220]
[270, 227, 223]
[271, 228, 221]
[271, 226, 223]
[265, 225, 223]
[266, 227, 224]
[269, 229, 225]
[264, 226, 224]
[265, 228, 224]
[264, 224, 223]
[267, 226, 224]
[262, 224, 223]
[261, 226, 224]
[264, 229, 226]
[264, 225, 225]
[265, 225, 224]
[265, 225, 224]
[266, 226, 222]
[265, 224, 224]
[265, 227, 225]
[263, 226, 224]
[266, 230, 224]
[273, 225, 224]
[275, 227, 224]
[261, 226, 224]
[259, 228, 224]
[262, 226, 224]
[264, 227, 225]
[264, 227, 221]
[266, 226, 224]
[263, 228, 225]
[263, 224, 224]
[261, 228, 224]
[264, 227, 225]
[264, 229, 224]
[265, 227, 224]
[263, 227, 226]
[266, 229, 225]
[262, 226, 224]
[265, 226, 224]
[267, 225, 224]
[266, 230, 224]
[264, 229, 224]
[265, 226, 224]
[263, 228, 223]
[270, 229, 227]
[266, 228, 225]
[267, 227, 223]
[266, 227, 224]
[266, 227, 225]
[268, 227, 226]
[267, 229, 225]
[268, 228, 225]
[272, 229, 230]
[263, 224, 224]
[261, 226, 225]
[266, 225, 225]
[263, 227, 223]
[264, 225, 224]
[269, 227, 224]
[264, 225, 224]
[266, 230, 228]
[264, 227, 223]
[268, 227, 224]
[267, 227, 224]
[267, 229, 225]
[268, 228, 224]
[265, 227, 224]
[265, 226, 225]
[269, 228, 226]
[263, 226, 226]
[261, 227, 229]
[263, 226, 225]
[268, 229, 226]
[264, 226, 226]
[266, 227, 226]
[269, 229, 227]
[270, 229, 225]
[267, 227, 224]
[271, 227, 225]
[268, 228, 226]
[268, 227, 226]
[262, 226, 224]
[258, 227, 226]
[262, 229, 227]
[266, 229, 224]
[264, 228, 224]
[266, 227, 227]
[268, 228, 226]
[264, 226, 226]
[264, 230, 226]
[267, 228, 225]
[270, 227, 226]
[265, 230, 226]
[266, 228, 226]
[265, 227, 226]
[263, 227, 224]
[265, 228, 224]
[266, 226, 227]
[266, 227, 225]
[270, 230, 226]
[265, 227, 226]
[266, 229, 223]
[268, 228, 225]
[266, 227, 227]
[268, 229, 226]
[266, 229, 223]
[269, 227, 225]
[269, 231, 229]
[266, 230, 226]
[270, 230, 226]
[267, 228, 225]
[258, 226, 227]
[258, 225, 228]
[264, 226, 228]
[266, 229, 227]
[268, 229, 229]
[267, 226, 224]
[269, 227, 224]
[267, 230, 225]
[267, 227, 226]
[272, 229, 228]
[271, 228, 225]
[268, 228, 225]
[265, 229, 226]
[264, 227, 227]
[263, 230, 228]
[262, 229, 228]
[264, 227, 228]
[264, 230, 225]
[264, 229, 227]
[266, 230, 227]
[267, 228, 227]
[268, 228, 224]
[270, 230, 227]
[266, 229, 225]
[268, 227, 225]
[270, 230, 224]
[272, 228, 225]
[265, 229, 228]
[264, 230, 229]
[262, 229, 225]
[263, 232, 228]
[263, 230, 227]
[268, 230, 225]
[270, 231, 228]
[266, 229, 224]
[266, 230, 227]
[267, 230, 232]
[267, 230, 227]
[272, 229, 227]
[270, 228, 225]
[272, 228, 225]
[268, 229, 226]
[269, 228, 225]
[263, 229, 226]
[264, 229, 226]
[267, 230, 225]
[267, 228, 225]
[267, 232, 226]
[269, 230, 227]
[266, 230, 230]
[272, 230, 229]
[270, 232, 227]
[264, 227, 229]
[265, 230, 228]
[269, 227, 228]
[268, 228, 227]
[270, 229, 227]
[263, 230, 227]
[266, 232, 228]
[266, 228, 226]
[266, 228, 227]
[270, 228, 228]
[271, 228, 228]
[268, 230, 228]
[268, 229, 225]
[267, 230, 226]
[266, 229, 227]
[268, 228, 228]
[271, 231, 229]
[271, 231, 228]
[270, 232, 229]
[268, 230, 227]
[268, 230, 226]
[263, 230, 226]
[265, 230, 228]
[271, 232, 228]
[268, 232, 228]
[266, 228, 229]
[268, 230, 229]
[270, 232, 229]
[270, 232, 230]
[268, 231, 227]
[268, 230, 229]
[264, 230, 228]
[270, 228, 227]
[273, 233, 226]
[263, 228, 226]
[264, 227, 227]
[267, 229, 229]
[269, 231, 227]
[270, 228, 227]
[255, 234, 227]
[270, 232, 226]
[267, 231, 230]
[268, 233, 227]
[267, 231, 227]
[269, 231, 230]
[271, 231, 228]
[269, 232, 229]
[269, 232, 229]
[267, 230, 227]
[266, 228, 229]
[271, 231, 227]
[268, 229, 228]
[270, 228, 227]
[270, 228, 227]
[267, 231, 228]
[273, 231, 226]
[270, 232, 227]
[268, 230, 228]
[267, 231, 230]
[265, 231, 229]
[265, 230, 229]
[271, 231, 230]
[273, 232, 228]
[274, 234, 229]
[263, 227, 229]
[264, 231, 225]
[270, 231, 227]
[267, 231, 227]
[272, 231, 229]
[270, 231, 227]
[268, 232, 228]
[270, 231, 227]
[266, 233, 227]
[267, 231, 229]
[270, 232, 228]
[273, 232, 232]
[275, 232, 230]
[265, 233, 228]
[264, 232, 227]
[268, 231, 231]
[270, 232, 230]
[269, 230, 230]
[268, 232, 228]
[268, 231, 228]
[274, 231, 228]
[267, 231, 230]
[271, 229, 229]
[275, 233, 231]
[272, 231, 228]
[268, 231, 229]
[268, 233, 228]
[271, 232, 230]
[273, 233, 229]
[264, 231, 230]
[263, 235, 229]
[271, 231, 231]
[269, 231, 230]
[269, 232, 231]
[272, 230, 230]
[270, 233, 230]
[265, 232, 232]
[264, 230, 229]
[268, 231, 230]
[272, 234, 232]
[269, 230, 228]
[272, 230, 229]
[273, 231, 229]
[265, 232, 228]
[263, 232, 229]
[275, 233, 229]
[271, 231, 228]
[268, 233, 230]
[268, 236, 228]
[267, 233, 230]
[269, 234, 231]
[271, 233, 230]
[270, 230, 230]
[270, 233, 233]
[271, 232, 232]
[270, 236, 233]
[271, 233, 232]
[270, 229, 230]
[270, 231, 230]
[266, 231, 232]
[267, 232, 229]
[267, 232, 232]
[270, 233, 230]
[272, 232, 232]
[271, 231, 229]
[272, 232, 228]
[269, 232, 228]
[269, 233, 229]
[271, 232, 229]
[272, 234, 228]
[271, 234, 228]
[275, 237, 230]
[264, 233, 229]
[265, 234, 228]
[265, 234, 230]
[272, 235, 230]
[271, 234, 229]
[267, 234, 232]
[270, 232, 232]
[273, 236, 233]
[270, 234, 232]
[269, 232, 230]
[270, 233, 229]
[270, 231, 231]
[274, 234, 232]
[271, 233, 231]
[266, 233, 232]
[270, 234, 230]
[269, 234, 232]
[268, 234, 230]
[271, 235, 229]
[271, 235, 231]
[271, 234, 231]
[269, 234, 232]
[270, 234, 233]
[272, 237, 232]
[267, 233, 231]
[275, 234, 231]
[274, 234, 232]
[274, 236, 232]
[269, 233, 232]
[268, 233, 232]
[264, 232, 230]
[270, 234, 233]
[271, 234, 229]
[272, 234, 231]
[270, 233, 229]
[267, 233, 232]
[271, 234, 229]
[270, 233, 232]
[271, 233, 231]
[273, 234, 230]
[272, 234, 231]
[276, 236, 230]
[276, 235, 232]
[264, 234, 231]
[263, 235, 230]
[263, 233, 231]
[267, 234, 231]
[272, 234, 237]
[269, 234, 231]
[272, 232, 231]
[268, 234, 232]
[268, 232, 232]
[267, 234, 232]
[268, 235, 234]
[267, 233, 232]
[278, 236, 232]
[277, 233, 228]
[266, 234, 230]
[266, 234, 231]
[272, 234, 231]
[270, 236, 232]
[270, 236, 231]
[271, 234, 231]
[272, 235, 233]
[270, 236, 234]
[267, 233, 232]
[271, 233, 234]
[270, 232, 230]
[271, 232, 233]
[272, 235, 232]
[274, 236, 231]
[276, 237, 234]
[274, 232, 231]
[265, 234, 232]
[266, 234, 231]
[269, 234, 230]
[269, 234, 230]
[271, 233, 231]
[272, 234, 230]
[270, 237, 233]
[271, 236, 233]
[273, 236, 231]
[268, 233, 233]
[271, 235, 233]
[278, 236, 233]
[279, 236, 233]
[276, 238, 233]
[262, 234, 233]
[262, 235, 233]
[271, 234, 233]
[270, 234, 233]
[273, 235, 232]
[272, 233, 233]
[271, 236, 233]
[271, 235, 230]
[271, 236, 231]
[275, 236, 230]
[272, 236, 232]
[272, 235, 231]
[273, 233, 236]
[271, 235, 234]
[272, 236, 233]
[270, 236, 234]
[273, 234, 236]
[267, 234, 234]
[268, 234, 234]
[266, 233, 233]
[272, 236, 232]
[271, 236, 233]
[270, 233, 232]
[271, 233, 234]
[271, 234, 232]
[272, 235, 233]
[270, 234, 233]
[282, 238, 232]
[279, 233, 232]
[263, 233, 232]
[264, 234, 231]
[273, 236, 234]
[272, 237, 234]
[273, 236, 234]
[268, 235, 231]
[271, 235, 235]
[272, 237, 234]
[269, 236, 236]
[274, 236, 234]
[273, 236, 234]
[272, 233, 234]
[273, 234, 234]
[275, 235, 232]
[264, 236, 232]
[265, 235, 233]
[272, 232, 233]
[270, 235, 232]
[274, 234, 232]
[273, 235, 232]
[271, 236, 234]
[273, 237, 232]
[273, 236, 234]
[270, 236, 235]
[272, 238, 234]
[273, 236, 234]
[274, 235, 234]
[269, 236, 234]
[273, 236, 237]
[273, 235, 234]
[268, 236, 234]
[268, 234, 232]
[272, 234, 232]
[272, 233, 234]
[275, 234, 234]
[271, 234, 234]
[274, 235, 231]
[275, 235, 231]
[271, 235, 232]
[277, 235, 233]
[276, 235, 234]
[276, 238, 233]
[279, 236, 232]
[266, 237, 234]
[265, 236, 234]
[264, 236, 233]
[270, 234, 233]
[270, 235, 236]
[271, 235, 233]
[269, 236, 234]
[279, 239, 236]
[276, 233, 232]
[273, 235, 233]
[271, 235, 233]
[273, 234, 234]
[275, 235, 233]
[275, 239, 233]
[268, 235, 233]
[271, 239, 234]
[271, 237, 234]
[268, 236, 235]
[273, 238, 238]
[272, 238, 234]
[274, 238, 233]
[272, 238, 235]
[273, 238, 233]
[276, 239, 236]
[272, 239, 237]
[276, 235, 232]
[276, 237, 235]
[275, 237, 234]
[272, 234, 234]
[274, 235, 236]
[267, 234, 233]
[269, 234, 233]
[272, 237, 233]
[272, 239, 235]
[274, 237, 233]
[274, 241, 233]
[274, 238, 234]
[274, 237, 236]
[272, 237, 236]
[274, 239, 235]
[271, 237, 236]
[277, 236, 234]
[276, 233, 236]
[265, 233, 235]
[266, 236, 236]
[266, 236, 235]
[273, 237, 236]
[274, 238, 240]
[275, 238, 236]
[273, 236, 236]
[273, 238, 233]
[271, 236, 236]
[274, 238, 233]
[272, 238, 233]
[272, 237, 233]
[278, 240, 237]
[274, 238, 235]
[273, 238, 235]
[271, 238, 234]
[270, 240, 236]
[271, 236, 235]
[272, 238, 238]
[274, 237, 236]
[276, 241, 238]
[272, 238, 236]
[273, 237, 236]
[273, 236, 234]
[277, 236, 234]
[269, 238, 236]
[270, 236, 234]
[271, 235, 236]
[278, 238, 236]
[279, 238, 236]
[269, 236, 235]
[274, 238, 234]
[273, 237, 234]
[273, 240, 235]
[276, 237, 234]
[275, 238, 236]
[277, 242, 238]
[272, 240, 237]
[270, 236, 236]
[272, 236, 236]
[273, 236, 236]
[276, 237, 236]
[279, 239, 235]
[277, 237, 235]
[273, 238, 238]
[269, 239, 235]
[272, 238, 236]
[271, 238, 236]
[273, 238, 234]
[271, 237, 233]
[276, 237, 238]
[277, 239, 234]
[277, 240, 237]
[277, 241, 238]
[277, 239, 236]
[276, 240, 235]
[272, 240, 235]
[277, 239, 237]
[275, 240, 237]
[268, 237, 235]
[269, 237, 238]
[269, 237, 237]
[273, 237, 236]
[274, 237, 235]
[275, 237, 237]
[275, 236, 235]
[271, 238, 234]
[271, 239, 235]
[272, 241, 235]
[275, 237, 234]
[276, 241, 236]
[278, 239, 236]
[277, 239, 240]
[272, 240, 234]
[271, 238, 235]
[276, 239, 237]
[277, 239, 238]
[273, 237, 238]
[271, 240, 238]
[272, 239, 234]
[272, 236, 235]
[276, 236, 235]
[275, 236, 237]
[273, 237, 237]
[278, 238, 240]
[276, 239, 237]
[274, 239, 235]
[276, 239, 236]
[275, 239, 236]
[270, 241, 235]
[272, 237, 237]
[276, 237, 235]
[276, 239, 239]
[276, 237, 237]
[276, 240, 238]
[275, 239, 240]
[273, 237, 238]
[272, 239, 238]
[275, 240, 239]
[273, 238, 237]
[279, 241, 241]
[273, 238, 238]
[275, 237, 238]
[272, 239, 238]
[271, 236, 236]
[276, 240, 240]
[278, 239, 237]
[275, 236, 236]
[273, 239, 237]
[277, 241, 238]
[273, 239, 238]
[274, 240, 238]
[274, 241, 238]
[274, 242, 238]
[278, 241, 239]
[276, 239, 240]
[272, 241, 240]
[273, 237, 236]
[272, 238, 238]
[271, 239, 238]
[272, 242, 236]
[276, 238, 238]
[276, 239, 237]
[276, 239, 238]
[274, 241, 238]
[276, 239, 238]
[276, 241, 238]
[276, 239, 236]
[281, 240, 238]
[278, 244, 236]
[276, 238, 238]
[276, 241, 237]
[273, 242, 241]
[273, 240, 240]
[275, 239, 238]
[274, 240, 238]
[272, 240, 239]
[271, 238, 239]
[272, 237, 239]
[273, 240, 240]
[276, 240, 240]
[276, 239, 236]
[276, 240, 238]
[281, 240, 236]
[282, 242, 236]
[277, 240, 238]
[278, 242, 236]
[275, 238, 237]
[273, 238, 237]
[272, 239, 236]
[276, 241, 236]
[280, 241, 236]
[279, 241, 238]
[274, 242, 238]
[274, 240, 238]
[276, 243, 239]
[274, 241, 238]
[277, 242, 240]
[278, 241, 237]
[277, 240, 238]
[276, 240, 237]
[275, 241, 239]
[270, 239, 240]
[269, 242, 239]
[275, 240, 239]
[273, 240, 240]
[275, 240, 238]
[272, 240, 236]
[275, 240, 236]
[276, 239, 236]
[277, 243, 237]
[278, 241, 235]
[281, 243, 238]
[277, 239, 239]
[278, 242, 239]
[274, 243, 237]
[272, 241, 238]
[272, 242, 239]
[272, 239, 238]
[275, 242, 240]
[273, 241, 241]
[276, 240, 240]
[275, 240, 239]
[276, 240, 239]
[275, 238, 240]
[277, 240, 237]
[276, 242, 239]
[282, 240, 239]
[277, 242, 237]
[275, 242, 237]
[275, 239, 239]
[273, 240, 238]
[272, 242, 238]
[277, 240, 239]
[275, 242, 239]
[280, 242, 239]
[275, 242, 239]
[274, 244, 239]
[276, 242, 239]
[277, 240, 240]
[275, 242, 238]
[275, 240, 240]
[275, 242, 241]
[283, 242, 239]
[280, 242, 240]
[273, 242, 237]
[273, 241, 237]
[276, 242, 239]
[274, 242, 238]
[278, 242, 238]
[277, 240, 237]
[281, 242, 237]
[277, 241, 238]
[277, 242, 241]
[276, 242, 239]
[275, 244, 241]
[282, 244, 240]
[282, 242, 239]
[273, 242, 239]
[274, 245, 242]
[274, 240, 242]
[272, 242, 239]
[274, 243, 240]
[274, 242, 239]
[274, 243, 241]
[279, 242, 241]
[275, 242, 241]
[279, 245, 242]
[277, 241, 240]
[279, 242, 239]
[275, 242, 238]
[274, 242, 238]
[281, 243, 239]
[279, 242, 239]
[272, 241, 239]
[272, 244, 244]
[273, 242, 240]
[276, 242, 239]
[276, 242, 238]
[278, 244, 239]
[280, 243, 239]
[276, 243, 237]
[276, 241, 239]
[279, 245, 245]
[273, 241, 239]
[273, 242, 240]
[277, 243, 243]
[282, 243, 241]
[272, 241, 241]
[272, 244, 241]
[275, 238, 241]
[275, 245, 244]
[276, 243, 242]
[276, 243, 235]
[275, 242, 239]
[278, 244, 240]
[278, 241, 240]
[279, 243, 239]
[280, 245, 241]
[279, 242, 241]
[279, 243, 240]
[276, 243, 241]
[279, 244, 241]
[280, 243, 241]
[273, 242, 241]
[270, 243, 241]
[276, 243, 242]
[276, 245, 240]
[278, 240, 244]
[279, 242, 242]
[277, 241, 241]
[275, 243, 241]
[274, 240, 241]
[281, 243, 241]
[278, 240, 242]
[281, 243, 244]
[278, 241, 241]
[272, 243, 237]
[270, 242, 241]
[271, 244, 240]
[280, 244, 238]
[281, 243, 241]
[278, 243, 241]
[279, 246, 242]
[277, 246, 241]
[276, 244, 242]
[276, 242, 243]
[277, 243, 241]
[276, 244, 240]
[273, 244, 242]
[278, 244, 242]
[281, 242, 242]
[280, 244, 240]
[276, 244, 240]
[277, 242, 242]
[274, 241, 242]
[276, 243, 240]
[278, 244, 241]
[278, 243, 242]
[285, 242, 245]
[274, 242, 241]
[275, 244, 242]
[279, 241, 242]
[278, 243, 242]
[275, 243, 242]
[280, 242, 242]
[279, 243, 241]
[272, 248, 242]
[271, 244, 243]
[279, 244, 242]
[279, 245, 242]
[278, 243, 242]
[277, 243, 244]
[274, 242, 240]
[276, 244, 242]
[278, 244, 245]
[281, 244, 243]
[277, 243, 242]
[279, 244, 241]
[278, 242, 241]
[280, 243, 242]
[276, 242, 242]
[274, 244, 240]
[278, 244, 246]
[279, 243, 241]
[279, 244, 240]
[280, 243, 239]
[279, 242, 241]
[278, 245, 240]
[280, 244, 241]
[278, 244, 240]
[273, 245, 242]
[276, 243, 239]
[280, 242, 243]
[278, 243, 242]
[280, 246, 242]
[282, 245, 244]
[272, 244, 241]
[273, 242, 244]
[277, 243, 243]
[278, 243, 241]
[278, 243, 242]
[279, 244, 241]
[278, 244, 242]
[279, 244, 241]
[280, 242, 243]
[282, 244, 242]
[278, 245, 246]
[280, 245, 243]
[282, 247, 243]
[272, 244, 241]
[271, 246, 242]
[277, 245, 243]
[274, 245, 244]
[276, 245, 243]
[278, 245, 246]
[279, 245, 243]
[281, 242, 244]
[278, 244, 240]
[276, 243, 244]
[275, 244, 242]
[281, 243, 243]
[282, 245, 244]
[282, 244, 242]
[277, 244, 241]
[278, 244, 241]
[276, 243, 242]
[275, 246, 244]
[280, 246, 240]
[284, 245, 244]
[281, 246, 241]
[275, 245, 243]
[276, 245, 243]
[277, 244, 244]
[278, 245, 241]
[277, 243, 243]
[279, 245, 243]
[283, 244, 243]
[283, 245, 244]
[283, 244, 243]
[272, 242, 241]
[273, 242, 244]
[279, 243, 241]
[278, 244, 241]
[280, 246, 241]
[281, 245, 240]
[279, 245, 242]
[279, 246, 242]
[278, 248, 241]
[278, 246, 244]
[278, 246, 244]
[285, 246, 241]
[283, 246, 243]
[276, 244, 241]
[275, 245, 241]
[272, 246, 244]
[275, 244, 244]
[278, 244, 243]
[277, 242, 245]
[279, 244, 246]
[277, 245, 244]
[277, 244, 244]
[282, 243, 241]
[277, 244, 242]
[280, 245, 242]
[279, 245, 243]
[281, 247, 243]
[284, 244, 243]
[286, 245, 241]
[276, 246, 244]
[281, 245, 243]
[282, 247, 243]
[274, 246, 248]
[276, 246, 244]
[279, 246, 244]
[279, 248, 244]
[276, 246, 245]
[277, 246, 245]
[278, 248, 244]
[278, 248, 244]
[281, 245, 244]
[289, 244, 242]
[287, 246, 242]
[271, 242, 243]
[271, 245, 242]
[278, 244, 242]
[283, 247, 242]
[280, 244, 243]
[278, 246, 243]
[277, 246, 243]
[277, 246, 243]
[277, 246, 246]
[282, 246, 244]
[280, 248, 244]
[283, 252, 243]
[280, 246, 244]
[279, 245, 243]
[280, 246, 242]
[279, 245, 245]
[278, 244, 243]
[275, 245, 244]
[275, 244, 243]
[278, 249, 246]
[281, 246, 242]
[279, 246, 242]
[280, 248, 242]
[280, 247, 242]
[282, 246, 243]
[279, 251, 242]
[278, 245, 242]
[286, 248, 243]
[287, 247, 246]
[272, 248, 244]
[272, 245, 246]
[272, 246, 245]
[280, 247, 245]
[278, 246, 246]
[277, 247, 245]
[280, 246, 247]
[280, 247, 244]
[282, 247, 242]
[282, 247, 243]
[282, 245, 245]
[285, 245, 242]
[282, 247, 243]
[285, 248, 242]
[278, 247, 244]
[275, 247, 245]
[280, 248, 247]
[277, 248, 244]
[276, 247, 246]
[276, 250, 243]
[278, 247, 243]
[282, 247, 248]
[282, 250, 248]
[279, 246, 247]
[279, 245, 246]
[279, 246, 247]
[282, 245, 245]
[280, 247, 246]
[286, 247, 246]
[282, 246, 244]
[273, 247, 249]
[271, 247, 245]
[281, 250, 243]
[279, 248, 244]
[281, 247, 244]
[284, 248, 243]
[281, 246, 246]
[281, 249, 244]
[280, 247, 248]
[283, 247, 246]
[280, 248, 246]
[281, 247, 246]
[280, 245, 247]
[276, 245, 246]
[274, 248, 246]
[274, 246, 246]
[283, 249, 248]
[281, 245, 246]
[277, 245, 246]
[276, 246, 245]
[279, 246, 245]
[281, 248, 244]
[282, 248, 245]
[279, 245, 246]
[282, 248, 248]
[283, 247, 246]
[281, 248, 246]
[278, 247, 245]
[280, 247, 246]
[274, 247, 245]
[274, 249, 245]
[274, 247, 246]
[285, 253, 249]
[282, 248, 244]
[279, 247, 248]
[279, 246, 247]
[282, 244, 246]
[280, 247, 246]
[282, 246, 245]
[285, 248, 247]
[284, 249, 246]
[283, 251, 244]
[283, 247, 244]
[275, 245, 244]
[275, 249, 243]
[281, 245, 246]
[282, 247, 247]
[282, 247, 246]
[284, 250, 247]
[278, 249, 248]
[281, 247, 248]
[281, 248, 248]
[279, 246, 247]
[277, 247, 248]
[283, 249, 248]
[282, 249, 249]
[285, 250, 249]
[275, 247, 247]
[278, 247, 244]
[281, 247, 246]
[278, 247, 246]
[284, 247, 246]
[282, 246, 244]
[280, 246, 246]
[280, 248, 250]
[279, 247, 247]
[281, 249, 244]
[282, 247, 244]
[284, 249, 244]
[285, 246, 245]
[283, 249, 246]
[284, 250, 245]
[284, 252, 251]
[276, 246, 247]
[277, 251, 247]
[280, 248, 247]
[278, 247, 247]
[279, 249, 247]
[279, 249, 249]
[282, 248, 247]
[285, 250, 249]
[284, 248, 247]
[282, 247, 246]
[282, 245, 246]
[283, 249, 247]
[285, 250, 248]
[274, 248, 243]
[276, 247, 247]
[284, 249, 248]
[279, 249, 245]
[280, 250, 250]
[286, 250, 246]
[284, 249, 248]
[283, 249, 247]
[281, 246, 245]
[283, 250, 247]
[282, 250, 248]
[285, 249, 245]
[286, 250, 247]
[283, 248, 248]
[279, 246, 245]
[278, 246, 250]
[280, 248, 247]
[279, 246, 248]
[281, 250, 248]
[283, 249, 245]
[282, 249, 247]
[283, 250, 244]
[285, 250, 243]
[284, 251, 245]
[282, 250, 246]
[282, 251, 247]
[278, 250, 250]
[285, 250, 248]
[284, 246, 249]
[283, 248, 247]
[273, 249, 247]
[275, 249, 247]
[284, 249, 247]
[282, 247, 248]
[285, 250, 249]
[285, 248, 247]
[284, 251, 245]
[280, 250, 245]
[280, 250, 245]
[281, 249, 245]
[286, 250, 247]
[286, 250, 245]
[286, 250, 249]
[278, 250, 248]
[276, 249, 249]
[277, 251, 247]
[281, 250, 250]
[280, 248, 247]
[280, 250, 248]
[280, 249, 248]
[280, 250, 249]
[283, 249, 247]
[282, 250, 248]
[286, 250, 248]
[284, 250, 248]
[278, 248, 247]
[278, 250, 248]
[284, 248, 247]
[286, 250, 247]
[283, 250, 246]
[283, 250, 247]
[281, 250, 246]
[282, 252, 246]
[280, 250, 247]
[283, 251, 247]
[284, 251, 246]
[280, 250, 250]
[277, 251, 247]
[282, 250, 249]
[282, 250, 247]
[280, 250, 248]
[289, 253, 247]
[286, 250, 247]
[283, 250, 250]
[280, 249, 246]
[284, 248, 251]
[286, 248, 247]
[286, 248, 248]
[284, 250, 249]
[285, 252, 248]
[288, 250, 248]
[291, 249, 250]
[292, 252, 247]
[292, 249, 246]
[291, 252, 249]
[286, 251, 247]
[294, 252, 249]
[294, 251, 247]
[294, 251, 248]
[293, 252, 247]
[289, 253, 251]
[294, 252, 250]
[292, 253, 250]
[295, 252, 250]
[296, 252, 249]
[295, 252, 249]
[289, 252, 248]
[294, 251, 249]
[296, 250, 249]
[295, 251, 251]
[295, 252, 246]
[295, 252, 251]
[300, 252, 248]
[298, 251, 248]
[298, 250, 248]
[302, 267, 250]
[300, 250, 250]
[290, 252, 250]
[292, 251, 248]
[293, 251, 250]
[296, 250, 251]
[294, 250, 250]
[294, 251, 250]
[296, 256, 250]
[297, 253, 248]
[297, 252, 250]
[300, 257, 250]
[300, 254, 252]
[290, 251, 249]
[289, 250, 245]
[298, 253, 248]
[302, 255, 250]
[299, 254, 250]
[297, 253, 249]
[296, 251, 250]
[296, 254, 251]
[296, 251, 248]
[298, 254, 248]
[297, 253, 249]
[302, 255, 250]
[295, 250, 248]
[300, 251, 250]
[293, 252, 248]
[296, 250, 248]
[295, 251, 251]
[296, 252, 250]
[293, 252, 250]
[297, 253, 248]
[297, 254, 248]
[297, 253, 250]
[296, 254, 250]
[294, 253, 252]
[296, 253, 248]
[297, 254, 249]
[298, 254, 247]
[298, 256, 253]
[299, 254, 250]
[297, 251, 251]
[291, 253, 251]
[293, 254, 250]
[298, 253, 249]
[296, 254, 250]
[295, 254, 250]
[297, 254, 251]
[296, 251, 250]
[294, 255, 249]
[294, 250, 249]
[299, 254, 250]
[299, 255, 250]
[297, 252, 250]
[298, 254, 248]
[296, 255, 247]
[298, 254, 250]
[296, 254, 251]
[300, 254, 251]
[294, 254, 249]
[291, 254, 253]
[292, 251, 252]
[297, 254, 253]
[301, 257, 252]
[298, 254, 252]
[296, 252, 252]
[296, 252, 249]
[298, 253, 251]
[298, 252, 251]
[301, 255, 250]
[301, 253, 252]
[293, 254, 253]
[288, 253, 249]
[290, 254, 248]
[297, 255, 248]
[300, 255, 249]
[293, 254, 251]
[294, 255, 248]
[296, 253, 251]
[301, 255, 251]
[302, 255, 253]
[300, 256, 250]
[301, 256, 249]
[298, 254, 251]
[298, 254, 249]
[297, 257, 251]
[294, 255, 251]
[301, 253, 251]
[295, 253, 250]
[295, 252, 253]
[291, 254, 252]
[293, 252, 252]
[298, 254, 250]
[298, 256, 251]
[297, 253, 251]
[303, 257, 253]
[298, 255, 250]
[298, 255, 253]
[300, 256, 251]
[300, 255, 254]
[299, 256, 250]
[288, 255, 252]
[292, 254, 252]
[299, 258, 254]
[297, 256, 252]
[297, 257, 253]
[297, 255, 251]
[298, 257, 252]
[296, 255, 252]
[298, 253, 252]
[298, 255, 251]
[302, 256, 255]
[297, 256, 256]
[298, 251, 251]
[295, 252, 251]
[295, 253, 250]
[295, 256, 250]
[297, 253, 254]
[303, 256, 252]
[296, 258, 253]
[295, 255, 250]
[300, 255, 253]
[300, 256, 250]
[299, 255, 253]
[301, 256, 249]
[297, 255, 252]
[303, 256, 252]
[301, 256, 255]
[301, 256, 252]
[299, 257, 253]
[288, 255, 251]
[291, 256, 254]
[287, 254, 253]
[298, 256, 253]
[297, 256, 255]
[298, 257, 255]
[295, 253, 251]
[298, 255, 251]
[298, 254, 251]
[303, 256, 253]
[303, 256, 254]
[303, 256, 253]
[298, 254, 251]
[298, 257, 255]
[298, 257, 251]
[297, 257, 253]
[296, 256, 252]
[296, 255, 254]
[296, 255, 253]
[297, 257, 254]
[296, 257, 255]
[302, 256, 254]
[301, 256, 253]
[298, 256, 253]
[296, 254, 252]
[299, 257, 253]
[300, 255, 255]
[301, 254, 252]
[300, 256, 254]
[297, 257, 253]
[292, 255, 251]
[292, 256, 253]
[301, 255, 254]
[298, 259, 253]
[297, 258, 253]
[300, 256, 254]
[298, 255, 254]
[299, 257, 255]
[298, 256, 253]
[301, 256, 255]
[300, 257, 254]
[300, 255, 253]
[299, 256, 254]
[295, 256, 254]
[294, 256, 252]
[292, 254, 257]
[298, 257, 254]
[299, 254, 252]
[302, 256, 254]
[301, 255, 254]
[301, 256, 254]
[302, 257, 252]
[303, 258, 252]
[300, 256, 255]
[297, 257, 255]
[298, 256, 253]
[298, 257, 254]
[298, 258, 256]
[301, 257, 254]
[292, 256, 253]
[291, 257, 254]
[292, 254, 253]
[301, 256, 254]
[301, 256, 255]
[297, 255, 251]
[297, 255, 255]
[305, 256, 254]
[299, 255, 256]
[303, 256, 255]
[303, 257, 254]
[303, 256, 252]
[298, 257, 254]
[301, 258, 252]
[296, 257, 251]
[296, 257, 254]
[300, 258, 253]
[296, 257, 254]
[297, 259, 257]
[300, 258, 257]
[300, 258, 257]
[300, 255, 255]
[300, 256, 254]
[297, 257, 255]
[300, 258, 258]
[304, 256, 255]
[302, 260, 256]
[300, 256, 255]
[297, 253, 254]
[298, 256, 252]
[294, 257, 254]
[294, 257, 253]
[303, 258, 254]
[305, 257, 256]
[301, 259, 253]
[300, 259, 253]
[300, 260, 255]
[300, 258, 256]
[300, 258, 254]
[300, 258, 253]
[299, 258, 254]
[299, 258, 255]
[301, 258, 255]
[293, 256, 255]
[293, 256, 256]
[291, 256, 256]
[302, 260, 255]
[300, 256, 257]
[298, 259, 254]
[303, 257, 254]
[302, 258, 253]
[302, 257, 256]
[303, 257, 255]
[297, 257, 256]
[300, 258, 253]
[304, 256, 255]
[303, 257, 254]
[305, 262, 254]
[297, 258, 256]
[296, 258, 256]
[298, 256, 255]
[298, 256, 255]
[302, 257, 255]
[300, 259, 257]
[299, 258, 255]
[298, 265, 255]
[300, 257, 256]
[301, 256, 254]
[306, 258, 254]
[302, 259, 256]
[304, 259, 255]
[302, 257, 254]
[303, 257, 256]
[294, 257, 259]
[297, 257, 254]
[300, 260, 255]
[300, 260, 259]
[300, 259, 255]
[301, 258, 256]
[300, 260, 255]
[304, 258, 255]
[306, 261, 258]
[296, 256, 255]
[298, 259, 256]
[303, 260, 259]
[311, 260, 256]
[304, 260, 256]
[292, 260, 257]
[295, 257, 256]
[302, 261, 259]
[302, 261, 258]
[303, 257, 254]
[303, 257, 255]
[297, 257, 255]
[297, 256, 257]
[297, 256, 255]
[303, 260, 256]
[305, 258, 256]
[302, 259, 256]
[300, 258, 258]
[304, 260, 255]
[300, 260, 255]
[302, 260, 256]
[298, 257, 255]
[296, 258, 257]
[299, 263, 259]
[298, 258, 258]
[303, 258, 256]
[301, 258, 255]
[302, 260, 257]
[300, 259, 256]
[300, 259, 258]
[296, 261, 258]
[296, 260, 258]
[306, 261, 257]
[307, 259, 258]
[293, 259, 258]
[293, 256, 255]
[302, 259, 257]
[302, 259, 257]
[302, 260, 256]
[310, 259, 257]
[304, 262, 257]
[296, 259, 256]
[298, 260, 256]
[301, 259, 259]
[300, 259, 257]
[304, 259, 257]
[304, 260, 257]
[306, 264, 258]
[304, 257, 258]
[302, 258, 257]
[297, 259, 257]
[297, 260, 261]
[296, 262, 257]
[296, 257, 258]
[297, 260, 258]
[306, 259, 258]
[303, 260, 256]
[302, 259, 257]
[304, 259, 258]
[301, 259, 255]
[302, 260, 259]
[310, 261, 256]
[308, 262, 258]
[310, 265, 258]
[291, 258, 260]
[290, 260, 258]
[302, 262, 258]
[303, 261, 258]
[304, 261, 260]
[304, 259, 259]
[299, 260, 258]
[305, 265, 258]
[301, 260, 257]
[303, 261, 258]
[302, 258, 258]
[301, 259, 256]
[301, 259, 258]
[303, 258, 259]
[306, 259, 258]
[304, 263, 260]
[302, 260, 256]
[301, 259, 256]
[303, 261, 259]
[302, 265, 257]
[303, 259, 257]
[303, 262, 256]
[301, 261, 259]
[302, 264, 258]
[300, 262, 258]
[300, 262, 257]
[301, 259, 257]
[316, 264, 257]
[311, 261, 259]
[293, 260, 258]
[294, 260, 258]
[304, 262, 260]
[301, 262, 259]
[302, 262, 258]
[301, 259, 257]
[303, 260, 259]
[297, 259, 260]
[298, 260, 260]
[304, 262, 258]
[301, 261, 258]
[304, 260, 257]
[308, 263, 259]
[306, 261, 257]
[304, 262, 258]
[301, 262, 260]
[301, 263, 257]
[301, 261, 260]
[299, 265, 261]
[299, 261, 261]
[299, 262, 259]
[302, 260, 260]
[302, 262, 260]
[306, 262, 258]
[303, 260, 257]
[300, 260, 259]
[302, 260, 258]
[311, 263, 257]
[310, 263, 262]
[310, 264, 257]
[292, 262, 257]
[293, 259, 256]
[303, 261, 257]
[305, 260, 259]
[304, 263, 258]
[303, 264, 259]
[304, 262, 260]
[300, 262, 257]
[301, 261, 260]
[303, 264, 259]
[303, 262, 259]
[304, 262, 261]
[305, 261, 259]
[302, 263, 260]
[302, 262, 258]
[302, 262, 260]
[303, 262, 258]
[302, 260, 259]
[300, 262, 259]
[300, 260, 258]
[306, 261, 261]
[306, 262, 259]
[302, 263, 259]
[302, 264, 259]
[304, 263, 261]
[304, 264, 260]
[302, 263, 259]
[310, 264, 260]
[308, 263, 261]
[293, 262, 260]
[293, 264, 260]
[293, 261, 261]
[305, 261, 259]
[305, 262, 261]
[302, 261, 260]
[303, 264, 260]
[302, 261, 260]
[300, 261, 260]
[306, 261, 259]
[304, 262, 259]
[306, 261, 259]
[305, 261, 262]
[307, 261, 258]
[300, 260, 258]
[299, 263, 260]
[305, 263, 257]
[304, 265, 259]
[298, 263, 259]
[300, 261, 259]
[298, 263, 259]
[304, 263, 259]
[306, 264, 261]
[304, 261, 261]
[303, 261, 260]
[305, 263, 260]
[304, 260, 260]
[304, 261, 259]
[311, 263, 261]
[310, 263, 260]
[295, 261, 260]
[296, 259, 258]
[304, 263, 259]
[306, 264, 260]
[305, 264, 258]
[306, 261, 259]
[303, 263, 258]
[305, 262, 258]
[305, 264, 260]
[307, 264, 261]
[304, 263, 262]
[303, 264, 260]
[305, 261, 262]
[298, 260, 259]
[297, 262, 264]
[299, 262, 261]
[306, 265, 261]
[304, 263, 261]
[307, 263, 260]
[303, 265, 260]
[306, 263, 260]
[304, 261, 259]
[303, 261, 259]
[302, 263, 260]
[307, 265, 260]
[306, 263, 260]
[310, 264, 260]
[309, 265, 261]
[310, 265, 259]
[302, 265, 260]
[297, 263, 259]
[300, 266, 261]
[304, 270, 262]
[302, 261, 260]
[301, 263, 260]
[303, 262, 260]
[303, 263, 262]
[305, 265, 261]
[308, 262, 262]
[306, 263, 261]
[309, 271, 262]
[305, 262, 260]
[306, 263, 260]
[299, 263, 262]
[302, 264, 260]
[305, 261, 263]
[304, 263, 262]
[303, 264, 260]
[306, 265, 265]
[302, 265, 262]
[306, 265, 261]
[306, 267, 261]
[305, 265, 262]
[304, 266, 262]
[305, 265, 261]
[306, 264, 262]
[307, 265, 265]
[309, 263, 262]
[308, 265, 261]
[298, 261, 260]
[295, 263, 263]
[306, 264, 263]
[305, 265, 262]
[305, 262, 260]
[306, 269, 262]
[304, 262, 259]
[306, 263, 260]
[305, 262, 262]
[309, 267, 262]
[308, 265, 262]
[308, 263, 262]
[305, 265, 261]
[305, 266, 265]
[302, 266, 262]
[298, 264, 264]
[303, 265, 264]
[302, 265, 261]
[303, 265, 264]
[304, 266, 262]
[305, 266, 264]
[307, 266, 265]
[307, 266, 264]
[306, 264, 264]
[309, 265, 262]
[307, 263, 262]
[306, 265, 260]
[305, 265, 262]
[305, 266, 260]
[301, 266, 265]
[300, 261, 262]
[303, 265, 260]
[305, 266, 260]
[306, 266, 260]
[306, 266, 262]
[306, 268, 261]
[305, 268, 260]
[315, 269, 265]
[308, 266, 264]
[306, 264, 261]
[307, 266, 263]
[303, 264, 265]
[305, 266, 263]
[301, 265, 264]
[301, 265, 265]
[307, 267, 265]
[305, 264, 263]
[305, 265, 261]
[308, 264, 261]
[304, 264, 261]
[307, 265, 263]
[304, 266, 261]
[306, 266, 264]
[309, 269, 263]
[309, 266, 261]
[311, 265, 263]
[309, 266, 263]
[307, 266, 264]
[306, 267, 261]
[299, 268, 264]
[300, 265, 264]
[306, 270, 266]
[305, 264, 263]
[303, 265, 264]
[304, 264, 263]
[303, 266, 263]
[304, 268, 264]
[305, 264, 263]
[311, 266, 264]
[309, 265, 267]
[304, 265, 264]
[304, 264, 260]
[303, 264, 261]
[305, 265, 263]
[303, 265, 263]
[303, 264, 263]
[303, 266, 262]
[309, 267, 265]
[306, 266, 263]
[310, 265, 263]
[310, 266, 262]
[309, 265, 263]
[306, 266, 263]
[304, 266, 261]
[310, 267, 263]
[311, 269, 268]
[304, 264, 264]
[299, 265, 263]
[303, 266, 263]
[302, 266, 265]
[302, 266, 263]
[309, 265, 263]
[306, 267, 263]
[303, 271, 266]
[303, 266, 265]
[304, 265, 263]
[306, 265, 265]
[307, 264, 264]
[307, 265, 262]
[309, 265, 263]
[306, 264, 262]
[307, 269, 265]
[305, 272, 262]
[306, 266, 266]
[306, 267, 266]
[305, 267, 263]
[304, 267, 263]
[307, 268, 264]
[307, 268, 263]
[307, 266, 268]
[307, 267, 264]
[305, 269, 266]
[306, 266, 262]
[311, 268, 265]
[312, 266, 264]
[311, 266, 264]
[302, 266, 266]
[298, 268, 266]
[303, 266, 266]
[306, 267, 262]
[308, 267, 262]
[311, 267, 263]
[306, 266, 264]
[305, 267, 262]
[305, 269, 263]
[308, 268, 266]
[309, 268, 263]
[305, 267, 265]
[308, 267, 265]
[306, 267, 265]
[306, 268, 265]
[304, 267, 264]
[302, 267, 265]
[304, 266, 266]
[305, 265, 266]
[303, 268, 265]
[306, 268, 264]
[308, 267, 263]
[310, 266, 263]
[309, 266, 265]
[309, 268, 266]
[305, 264, 268]
[304, 268, 265]
[314, 267, 264]
[313, 269, 265]
[301, 268, 263]
[302, 267, 265]
[306, 268, 264]
[304, 268, 264]
[306, 270, 265]
[312, 268, 265]
[313, 267, 266]
[310, 268, 264]
[306, 267, 266]
[308, 270, 265]
[307, 268, 267]
[309, 266, 267]
[307, 267, 265]
[306, 266, 264]
[304, 268, 266]
[306, 266, 266]
[304, 265, 265]
[304, 270, 266]
[309, 267, 266]
[307, 267, 266]
[307, 268, 267]
[309, 270, 264]
[308, 268, 266]
[306, 268, 266]
[312, 267, 263]
[304, 268, 264]
[302, 270, 266]
[309, 269, 265]
[310, 268, 269]
[312, 269, 266]
[306, 267, 266]
[306, 268, 266]
[304, 268, 266]
[306, 269, 266]
[307, 269, 266]
[308, 270, 266]
[304, 266, 266]
[307, 267, 270]
[303, 264, 265]
[307, 267, 264]
[309, 268, 266]
[312, 268, 268]
[312, 270, 266]
[311, 272, 266]
[308, 268, 264]
[309, 270, 264]
[304, 268, 266]
[304, 269, 265]
[305, 270, 267]
[309, 269, 266]
[311, 270, 268]
[312, 269, 266]
[309, 270, 267]
[310, 265, 266]
[311, 268, 266]
[302, 266, 266]
[303, 267, 266]
[311, 270, 268]
[313, 269, 267]
[305, 271, 268]
[305, 268, 264]
[309, 270, 265]
[309, 268, 266]
[310, 268, 264]
[312, 270, 265]
[311, 271, 268]
[305, 267, 265]
[310, 272, 266]
[309, 270, 265]
[309, 270, 268]
[310, 272, 267]
[308, 269, 267]
[309, 270, 267]
[308, 270, 268]
[309, 270, 268]
[306, 270, 268]
[308, 268, 265]
[304, 267, 264]
[304, 270, 265]
[305, 267, 266]
[306, 269, 268]
[309, 268, 270]
[308, 266, 268]
[308, 269, 265]
[309, 269, 265]
[309, 270, 265]
[316, 270, 266]
[314, 275, 267]
[314, 270, 268]
[305, 269, 269]
[304, 270, 263]
[309, 270, 270]
[310, 269, 267]
[314, 272, 265]
[311, 270, 268]
[308, 270, 267]
[306, 269, 268]
[304, 270, 268]
[308, 270, 270]
[313, 270, 270]
[310, 271, 268]
[309, 270, 268]
[314, 270, 268]
[310, 270, 269]
[312, 269, 268]
[306, 272, 267]
[305, 268, 269]
[309, 267, 268]
[305, 269, 265]
[310, 271, 267]
[310, 270, 265]
[306, 270, 268]
[306, 270, 268]
[307, 271, 267]
[309, 272, 267]
[314, 272, 269]
[315, 271, 266]
[315, 272, 267]
[300, 270, 268]
[302, 270, 269]
[302, 272, 267]
[308, 269, 269]
[309, 268, 267]
[311, 273, 271]
[310, 269, 270]
[307, 269, 265]
[308, 271, 267]
[311, 269, 267]
[312, 268, 267]
[311, 269, 267]
[308, 271, 268]
[310, 272, 269]
[311, 271, 269]
[312, 269, 267]
[308, 269, 269]
[308, 272, 266]
[309, 271, 269]
[307, 272, 269]
[308, 273, 268]
[313, 273, 270]
[309, 271, 269]
[304, 271, 270]
[305, 271, 269]
[310, 272, 269]
[309, 272, 269]
[318, 271, 268]
[317, 270, 267]
[320, 273, 270]
[303, 269, 266]
[304, 269, 268]
[312, 269, 270]
[312, 271, 267]
[309, 269, 266]
[306, 271, 269]
[307, 269, 267]
[310, 273, 270]
[308, 270, 269]
[311, 271, 269]
[311, 271, 269]
[314, 271, 267]
[314, 270, 269]
[311, 271, 267]
[310, 272, 269]
[310, 271, 272]
[309, 271, 269]
[306, 269, 269]
[304, 271, 269]
[304, 271, 273]
[311, 271, 271]
[308, 271, 270]
[314, 271, 270]
[311, 270, 270]
[312, 269, 267]
[310, 273, 267]
[309, 270, 269]
[318, 272, 270]
[318, 270, 265]
[300, 268, 268]
[298, 268, 268]
[301, 270, 271]
[311, 271, 268]
[312, 272, 271]
[313, 271, 267]
[311, 272, 269]
[310, 273, 267]
[308, 271, 269]
[313, 274, 268]
[312, 276, 270]
[313, 272, 269]
[308, 272, 270]
[310, 274, 270]
[309, 271, 271]
[308, 272, 272]
[311, 270, 269]
[311, 272, 271]
[307, 274, 270]
[307, 272, 268]
[309, 271, 268]
[310, 271, 266]
[311, 273, 269]
[309, 272, 269]
[310, 271, 270]
[312, 272, 269]
[311, 273, 270]
[311, 272, 268]
[319, 274, 270]
[317, 273, 270]
[301, 272, 270]
[304, 270, 270]
[311, 272, 267]
[309, 273, 271]
[309, 274, 273]
[310, 271, 269]
[309, 272, 272]
[312, 271, 272]
[308, 271, 268]
[315, 272, 270]
[314, 273, 269]
[311, 270, 269]
[311, 273, 273]
[308, 272, 268]
[309, 273, 269]
[307, 273, 269]
[312, 272, 270]
[310, 272, 268]
[309, 272, 270]
[308, 272, 268]
[313, 272, 273]
[311, 276, 270]
[311, 273, 270]
[309, 272, 270]
[309, 272, 272]
[309, 272, 271]
[311, 274, 274]
[319, 272, 271]
[315, 271, 269]
[300, 270, 271]
[301, 272, 269]
[302, 270, 268]
[312, 273, 270]
[311, 271, 268]
[309, 273, 267]
[310, 273, 269]
[311, 271, 272]
[312, 274, 272]
[313, 273, 271]
[313, 272, 271]
[316, 274, 271]
[314, 274, 271]
[312, 274, 269]
[304, 275, 271]
[304, 274, 271]
[308, 272, 269]
[308, 273, 272]
[312, 272, 270]
[311, 273, 272]
[310, 272, 271]
[313, 273, 272]
[313, 273, 271]
[307, 273, 270]
[311, 273, 271]
[315, 276, 269]
[314, 274, 272]
[316, 274, 268]
[311, 273, 273]
[311, 275, 269]
[309, 274, 272]
[306, 273, 271]
[313, 276, 272]
[312, 273, 271]
[307, 273, 273]
[307, 274, 272]
[307, 273, 269]
[314, 274, 271]
[314, 273, 273]
[315, 272, 272]
[315, 274, 269]
[315, 276, 272]
[316, 272, 269]
[305, 271, 272]
[305, 273, 268]
[304, 274, 269]
[312, 275, 271]
[311, 274, 270]
[314, 273, 269]
[311, 273, 271]
[315, 276, 271]
[315, 272, 272]
[314, 273, 273]
[312, 274, 271]
[316, 275, 274]
[314, 274, 271]
[315, 277, 271]
[305, 274, 271]
[305, 274, 272]
[304, 271, 271]
[304, 273, 271]
[305, 273, 272]
[316, 274, 272]
[315, 274, 270]
[314, 273, 271]
[312, 272, 270]
[314, 274, 270]
[315, 276, 272]
[316, 275, 271]
[316, 274, 271]
[317, 274, 269]
[309, 274, 272]
[312, 275, 275]
[306, 273, 271]
[303, 274, 272]
[313, 276, 271]
[312, 274, 272]
[313, 274, 273]
[312, 278, 276]
[312, 275, 273]
[312, 275, 272]
[313, 273, 272]
[309, 271, 272]
[307, 273, 274]
[316, 274, 272]
[317, 273, 275]
[319, 274, 274]
[308, 273, 271]
[309, 273, 269]
[311, 275, 271]
[310, 274, 272]
[314, 275, 271]
[315, 276, 272]
[312, 276, 270]
[318, 275, 273]
[312, 274, 273]
[312, 274, 272]
[311, 276, 272]
[317, 275, 274]
[316, 275, 272]
[313, 276, 273]
[312, 277, 272]
[317, 278, 277]
[304, 273, 274]
[305, 272, 272]
[311, 275, 273]
[311, 273, 272]
[314, 273, 272]
[310, 273, 273]
[315, 273, 272]
[317, 275, 276]
[316, 275, 272]
[309, 275, 274]
[308, 277, 272]
[319, 276, 273]
[320, 276, 273]
[307, 275, 273]
[305, 275, 273]
[316, 277, 275]
[309, 276, 274]
[313, 276, 273]
[312, 274, 276]
[313, 276, 274]
[310, 276, 273]
[310, 275, 274]
[314, 276, 274]
[314, 277, 274]
[317, 275, 274]
[318, 273, 273]
[317, 274, 272]
[312, 273, 272]
[313, 274, 272]
[309, 273, 271]
[313, 277, 271]
[316, 278, 274]
[311, 275, 273]
[312, 276, 272]
[314, 275, 273]
[316, 276, 275]
[315, 273, 271]
[314, 275, 274]
[309, 276, 274]
[311, 278, 276]
[319, 277, 274]
[317, 280, 274]
[319, 276, 274]
[303, 276, 274]
[304, 275, 273]
[312, 275, 273]
[314, 279, 276]
[318, 276, 276]
[318, 275, 274]
[310, 273, 272]
[309, 274, 273]
[308, 274, 272]
[314, 274, 275]
[312, 274, 273]
[313, 277, 273]
[315, 276, 274]
[318, 274, 272]
[313, 276, 274]
[317, 277, 274]
[313, 278, 274]
[313, 276, 273]
[311, 276, 275]
[309, 275, 273]
[315, 278, 274]
[312, 275, 274]
[314, 276, 275]
[311, 275, 274]
[313, 278, 274]
[312, 275, 275]
[313, 275, 274]
[321, 278, 274]
[317, 278, 274]
[305, 276, 274]
[304, 275, 273]
[314, 274, 272]
[315, 275, 274]
[314, 275, 273]
[316, 274, 272]
[317, 274, 274]
[313, 278, 273]
[312, 279, 274]
[316, 276, 273]
[315, 277, 274]
[314, 277, 275]
[315, 277, 275]
[316, 278, 275]
[313, 277, 274]
[313, 277, 277]
[314, 275, 273]
[314, 276, 272]
[314, 275, 272]
[316, 277, 275]
[315, 275, 274]
[315, 278, 274]
[315, 276, 273]
[313, 277, 274]
[314, 278, 276]
[312, 277, 273]
[312, 277, 275]
[322, 278, 276]
[326, 279, 273]
[320, 278, 275]
[308, 279, 275]
[307, 276, 277]
[316, 275, 276]
[313, 278, 276]
[315, 277, 273]
[314, 276, 272]
[315, 276, 276]
[310, 275, 275]
[310, 275, 276]
[316, 279, 275]
[315, 277, 275]
[320, 278, 275]
[318, 279, 276]
[313, 278, 275]
[311, 279, 273]
[312, 278, 272]
[314, 278, 276]
[315, 277, 277]
[308, 277, 274]
[311, 275, 275]
[316, 276, 276]
[313, 275, 275]
[312, 276, 273]
[312, 278, 276]
[319, 277, 276]
[314, 276, 275]
[314, 276, 272]
[319, 279, 274]
[320, 276, 278]
[312, 278, 276]
[309, 277, 274]
[315, 278, 275]
[316, 276, 275]
[315, 277, 277]
[314, 278, 276]
[313, 277, 275]
[310, 276, 275]
[312, 276, 275]
[314, 277, 277]
[314, 278, 275]
[315, 278, 276]
[318, 276, 276]
[316, 278, 276]
[312, 279, 276]
[311, 279, 275]
[316, 278, 274]
[315, 277, 277]
[311, 276, 272]
[311, 278, 274]
[310, 276, 273]
[320, 280, 274]
[315, 281, 275]
[316, 278, 275]
[314, 281, 276]
[316, 279, 279]
[314, 278, 277]
[322, 279, 275]
[317, 277, 275]
[317, 280, 276]
[307, 278, 276]
[306, 278, 276]
[314, 279, 278]
[314, 275, 275]
[315, 278, 276]
[317, 282, 276]
[317, 279, 273]
[314, 278, 275]
[313, 279, 278]
[316, 278, 274]
[316, 279, 274]
[315, 279, 275]
[315, 277, 276]
[317, 277, 278]
[313, 279, 276]
[311, 276, 277]
[315, 279, 277]
[319, 278, 276]
[310, 277, 275]
[309, 279, 276]
[316, 278, 275]
[318, 281, 279]
[313, 279, 276]
[313, 277, 276]
[314, 279, 274]
[315, 279, 276]
[318, 278, 277]
[318, 277, 276]
[319, 282, 275]
[310, 279, 277]
[311, 280, 276]
[310, 280, 275]
[316, 280, 276]
[316, 280, 277]
[317, 280, 277]
[316, 279, 277]
[316, 280, 275]
[319, 281, 276]
[317, 278, 277]
[318, 279, 278]
[319, 280, 277]
[315, 280, 277]
[314, 279, 274]
[316, 278, 277]
[312, 280, 277]
[316, 283, 279]
[313, 278, 279]
[315, 279, 276]
[317, 277, 278]
[315, 278, 277]
[315, 277, 278]
[316, 277, 277]
[313, 279, 280]
[314, 278, 278]
[316, 280, 275]
[318, 279, 276]
[321, 279, 277]
[317, 280, 277]
[319, 280, 276]
[311, 280, 276]
[312, 280, 276]
[319, 283, 279]
[315, 281, 278]
[313, 279, 278]
[312, 280, 277]
[312, 280, 279]
[316, 280, 276]
[315, 279, 278]
[319, 279, 277]
[324, 281, 280]
[316, 278, 278]
[316, 278, 276]
[313, 276, 278]
[313, 279, 277]
[317, 279, 278]
[314, 278, 277]
[313, 279, 278]
[321, 281, 279]
[316, 280, 279]
[318, 279, 278]
[317, 282, 278]
[317, 280, 278]
[318, 279, 278]
[315, 282, 277]
[317, 279, 277]
[318, 285, 280]
[316, 278, 278]
[317, 278, 278]
[307, 279, 280]
[307, 279, 278]
[307, 279, 279]
[317, 279, 279]
[316, 277, 277]
[315, 281, 279]
[313, 281, 276]
[320, 279, 278]
[318, 279, 276]
[321, 282, 277]
[321, 280, 276]
[322, 281, 281]
[319, 279, 277]
[315, 281, 278]
[312, 279, 278]
[312, 279, 279]
[314, 279, 279]
[313, 279, 278]
[314, 282, 280]
[313, 279, 278]
[313, 278, 278]
[320, 282, 280]
[316, 278, 280]
[318, 281, 280]
[318, 279, 277]
[319, 278, 276]
[319, 282, 277]
[319, 279, 278]
[316, 281, 278]
[318, 283, 279]
[312, 280, 277]
[309, 282, 280]
[320, 281, 277]
[317, 281, 278]
[320, 282, 276]
[318, 282, 276]
[318, 280, 277]
[317, 284, 278]
[317, 281, 279]
[318, 281, 280]
[319, 282, 278]
[314, 281, 280]
[315, 280, 278]
[313, 280, 280]
[314, 279, 279]
[314, 280, 280]
[319, 279, 279]
[319, 282, 277]
[317, 280, 279]
[317, 282, 279]
[319, 281, 277]
[315, 281, 277]
[318, 279, 277]
[319, 283, 281]
[318, 281, 279]
[319, 282, 281]
[322, 282, 278]
[320, 280, 279]
[318, 282, 279]
[311, 281, 280]
[308, 281, 280]
[310, 283, 280]
[318, 284, 278]
[318, 280, 279]
[318, 282, 282]
[315, 280, 277]
[317, 282, 277]
[319, 282, 278]
[322, 279, 277]
[328, 284, 280]
[322, 286, 279]
[316, 280, 277]
[314, 282, 279]
[314, 282, 280]
[314, 282, 277]
[317, 282, 279]
[321, 282, 278]
[315, 282, 281]
[318, 282, 280]
[316, 281, 280]
[320, 280, 279]
[319, 282, 283]
[318, 281, 279]
[317, 281, 281]
[319, 280, 278]
[321, 279, 280]
[322, 280, 281]
[315, 282, 279]
[314, 284, 279]
[311, 281, 278]
[315, 282, 281]
[320, 281, 278]
[320, 283, 277]
[315, 281, 280]
[316, 282, 281]
[315, 282, 282]
[319, 284, 281]
[317, 282, 281]
[321, 282, 279]
[320, 282, 283]
[317, 281, 280]
[317, 281, 281]
[313, 282, 280]
[315, 282, 278]
[314, 280, 280]
[313, 284, 278]
[316, 281, 279]
[319, 280, 281]
[321, 280, 279]
[322, 282, 279]
[320, 281, 279]
[323, 283, 279]
[313, 283, 281]
[313, 282, 280]
[320, 287, 280]
[322, 283, 281]
[316, 283, 279]
[313, 281, 282]
[316, 282, 280]
[314, 282, 281]
[315, 282, 281]
[321, 282, 279]
[320, 280, 280]
[314, 281, 280]
[311, 280, 279]
[319, 282, 281]
[317, 281, 280]
[320, 283, 280]
[320, 284, 280]
[321, 280, 278]
[320, 282, 282]
[319, 283, 280]
[320, 281, 279]
[314, 281, 278]
[316, 284, 279]
[316, 283, 279]
[315, 284, 281]
[320, 284, 280]
[317, 284, 282]
[318, 284, 281]
[324, 285, 281]
[315, 282, 281]
[315, 282, 281]
[324, 281, 280]
[321, 284, 281]
[323, 283, 282]
[312, 282, 282]
[314, 282, 281]
[321, 284, 280]
[319, 282, 280]
[322, 284, 281]
[322, 283, 283]
[319, 283, 281]
[319, 284, 279]
[319, 282, 280]
[318, 283, 281]
[323, 283, 282]
[316, 283, 281]
[316, 285, 281]
[320, 284, 284]
[322, 284, 282]
[320, 284, 282]
[316, 284, 282]
[313, 282, 282]
[321, 281, 282]
[318, 283, 281]
[319, 283, 281]
[319, 284, 280]
[320, 283, 284]
[319, 281, 284]
[319, 283, 281]
[314, 284, 281]
[317, 284, 280]
[329, 283, 282]
[324, 284, 280]
[316, 283, 281]
[315, 285, 281]
[320, 283, 281]
[320, 286, 280]
[319, 285, 280]
[322, 284, 286]
[319, 284, 282]
[314, 283, 283]
[312, 284, 282]
[321, 284, 282]
[318, 282, 282]
[320, 284, 282]
[322, 283, 282]
[325, 283, 280]
[320, 285, 282]
[321, 282, 283]
[316, 283, 282]
[314, 280, 282]
[315, 281, 282]
[315, 283, 282]
[316, 282, 281]
[324, 283, 283]
[320, 286, 281]
[321, 285, 279]
[325, 283, 281]
[315, 284, 281]
[315, 283, 280]
[324, 285, 284]
[325, 285, 280]
[330, 286, 285]
[311, 282, 284]
[314, 284, 282]
[318, 283, 282]
[320, 282, 284]
[322, 284, 281]
[320, 284, 282]
[315, 284, 283]
[315, 285, 281]
[316, 282, 282]
[320, 282, 282]
[324, 284, 280]
[321, 283, 282]
[324, 285, 281]
[321, 283, 282]
[321, 283, 281]
[322, 287, 284]
[318, 284, 282]
[315, 284, 282]
[315, 285, 281]
[317, 284, 282]
[319, 284, 284]
[320, 285, 283]
[318, 284, 284]
[324, 289, 287]
[317, 284, 282]
[317, 284, 283]
[316, 283, 283]
[329, 285, 284]
[328, 286, 283]
[311, 284, 284]
[312, 281, 283]
[324, 286, 285]
[320, 285, 283]
[322, 285, 280]
[320, 283, 284]
[321, 282, 281]
[319, 283, 281]
[318, 284, 280]
[321, 286, 282]
[326, 288, 285]
[322, 286, 283]
[318, 285, 283]
[321, 286, 283]
[326, 286, 284]
[323, 283, 284]
[320, 286, 283]
[318, 284, 283]
[316, 285, 283]
[315, 283, 284]
[315, 285, 284]
[320, 286, 283]
[320, 285, 284]
[319, 285, 285]
[317, 285, 284]
[320, 284, 284]
[322, 286, 286]
[330, 286, 283]
[331, 284, 283]
[330, 286, 281]
[309, 285, 283]
[311, 283, 285]
[326, 286, 281]
[321, 283, 281]
[321, 289, 282]
[319, 287, 283]
[320, 285, 284]
[319, 286, 285]
[318, 286, 282]
[321, 284, 284]
[323, 286, 284]
[323, 285, 284]
[322, 286, 287]
[317, 284, 283]
[318, 285, 284]
[319, 285, 283]
[319, 285, 286]
[319, 284, 283]
[318, 284, 286]
[319, 285, 282]
[320, 287, 285]
[322, 287, 281]
[320, 286, 284]
[322, 287, 281]
[319, 286, 282]
[320, 286, 282]
[321, 286, 284]
[330, 287, 286]
[333, 288, 286]
[312, 285, 284]
[311, 285, 282]
[311, 285, 282]
[321, 284, 283]
[319, 285, 286]
[318, 286, 284]
[316, 285, 284]
[323, 286, 284]
[322, 285, 282]
[325, 286, 282]
[327, 286, 283]
[325, 286, 283]
[328, 286, 282]
[326, 285, 285]
[318, 286, 281]
[315, 286, 283]
[320, 286, 282]
[320, 286, 283]
[317, 286, 283]
[316, 286, 282]
[319, 286, 287]
[324, 286, 284]
[320, 287, 282]
[322, 286, 284]
[321, 288, 285]
[322, 286, 282]
[323, 286, 282]
[326, 285, 283]
[325, 285, 283]
[327, 284, 283]
[312, 284, 282]
[311, 284, 286]
[323, 285, 281]
[324, 285, 284]
[324, 287, 283]
[322, 286, 283]
[324, 287, 282]
[322, 289, 283]
[324, 287, 282]
[321, 286, 284]
[323, 287, 285]
[320, 286, 285]
[321, 287, 287]
[316, 284, 283]
[314, 286, 285]
[313, 288, 285]
[320, 286, 285]
[320, 285, 285]
[316, 288, 286]
[317, 286, 284]
[321, 285, 285]
[326, 284, 283]
[319, 284, 283]
[320, 285, 286]
[322, 288, 283]
[322, 287, 286]
[323, 287, 285]
[326, 289, 283]
[326, 287, 281]
[313, 285, 283]
[317, 285, 285]
[314, 286, 284]
[323, 289, 284]
[323, 289, 284]
[321, 287, 286]
[320, 286, 287]
[320, 285, 285]
[320, 287, 286]
[324, 286, 285]
[323, 287, 286]
[325, 285, 286]
[322, 288, 284]
[321, 285, 285]
[314, 286, 289]
[314, 284, 284]
[322, 289, 285]
[323, 287, 284]
[321, 284, 286]
[323, 286, 285]
[320, 286, 283]
[324, 288, 285]
[324, 288, 286]
[325, 288, 286]
[322, 288, 283]
[326, 288, 284]
[326, 287, 284]
[327, 288, 287]
[320, 287, 287]
[320, 285, 286]
[313, 286, 284]
[315, 288, 286]
[323, 288, 287]
[321, 289, 287]
[318, 286, 284]
[321, 285, 287]
[320, 287, 286]
[325, 287, 284]
[324, 289, 284]
[326, 288, 284]
[326, 287, 284]
[323, 286, 284]
[324, 292, 285]
[318, 289, 285]
[318, 288, 284]
[316, 287, 286]
[318, 288, 286]
[321, 288, 287]
[322, 288, 287]
[324, 288, 287]
[326, 289, 284]
[326, 290, 285]
[325, 288, 286]
[319, 286, 287]
[318, 285, 285]
[325, 289, 286]
[324, 288, 283]
[315, 287, 284]
[317, 287, 289]
[324, 288, 288]
[322, 286, 286]
[323, 288, 285]
[328, 287, 286]
[323, 287, 284]
[320, 287, 284]
[320, 288, 284]
[324, 289, 289]
[322, 291, 286]
[325, 289, 284]
[324, 289, 285]
[329, 289, 287]
[322, 289, 286]
[323, 289, 286]
[318, 290, 285]
[316, 288, 285]
[320, 294, 289]
[319, 287, 285]
[324, 288, 286]
[324, 288, 284]
[324, 286, 285]
[325, 289, 286]
[325, 290, 284]
[323, 287, 284]
[325, 290, 286]
[326, 287, 287]
[326, 289, 287]
[327, 290, 284]
[318, 288, 284]
[316, 289, 286]
[321, 288, 286]
[320, 291, 286]
[329, 290, 287]
[327, 289, 289]
[322, 288, 286]
[321, 287, 287]
[323, 289, 286]
[325, 288, 285]
[321, 291, 289]
[324, 290, 285]
[327, 289, 290]
[323, 288, 286]
[325, 287, 285]
[319, 288, 286]
[321, 288, 287]
[322, 288, 285]
[323, 287, 288]
[324, 287, 285]
[324, 292, 288]
[323, 290, 287]
[325, 289, 288]
[326, 290, 287]
[326, 290, 285]
[319, 289, 287]
[321, 289, 289]
[328, 290, 287]
[331, 292, 290]
[315, 290, 287]
[316, 289, 288]
[321, 288, 290]
[324, 291, 286]
[320, 288, 288]
[323, 290, 287]
[323, 288, 286]
[320, 290, 290]
[320, 289, 288]
[323, 290, 287]
[323, 289, 288]
[327, 290, 287]
[328, 287, 287]
[327, 289, 287]
[324, 290, 285]
[321, 290, 290]
[323, 290, 287]
[321, 290, 288]
[322, 290, 287]
[322, 290, 290]
[324, 290, 286]
[327, 290, 287]
[324, 290, 286]
[326, 291, 288]
[324, 290, 288]
[318, 289, 288]
[318, 288, 288]
[326, 288, 288]
[326, 289, 287]
[327, 290, 288]
[316, 288, 288]
[323, 289, 288]
[323, 287, 287]
[323, 290, 288]
[326, 290, 286]
[325, 289, 286]
[322, 292, 286]
[321, 290, 284]
[322, 289, 288]
[326, 293, 289]
[329, 293, 288]
[326, 290, 286]
[331, 292, 286]
[323, 290, 288]
[323, 290, 287]
[323, 292, 290]
[321, 290, 289]
[324, 293, 291]
[322, 290, 288]
[322, 287, 288]
[322, 290, 290]
[325, 292, 288]
[325, 289, 289]
[325, 289, 288]
[325, 290, 288]
[321, 290, 288]
[321, 291, 287]
[328, 291, 288]
[332, 292, 288]
[318, 289, 290]
[318, 293, 288]
[324, 291, 290]
[323, 290, 288]
[326, 292, 293]
[326, 290, 289]
[325, 289, 288]
[322, 290, 288]
[320, 291, 287]
[325, 291, 288]
[323, 290, 288]
[326, 290, 288]
[325, 289, 290]
[325, 290, 292]
[329, 290, 288]
[324, 290, 287]
[323, 290, 288]
[324, 288, 288]
[321, 290, 288]
[320, 290, 288]
[322, 292, 290]
[324, 291, 290]
[326, 291, 289]
[325, 290, 289]
[322, 290, 289]
[326, 291, 289]
[323, 290, 290]
[328, 293, 289]
[329, 289, 292]
[329, 289, 288]
[316, 291, 288]
[317, 289, 289]
[324, 288, 289]
[326, 292, 288]
[323, 288, 288]
[327, 291, 289]
[326, 292, 289]
[323, 290, 287]
[324, 292, 289]
[326, 293, 287]
[326, 292, 289]
[325, 292, 289]
[325, 292, 287]
[325, 292, 287]
[324, 293, 293]
[324, 291, 290]
[323, 292, 290]
[325, 289, 289]
[324, 290, 288]
[324, 288, 289]
[324, 292, 289]
[325, 292, 290]
[323, 292, 287]
[325, 291, 290]
[324, 292, 288]
[325, 291, 290]
[325, 291, 288]
[331, 290, 290]
[331, 291, 289]
[322, 290, 289]
[320, 291, 288]
[325, 292, 287]
[324, 294, 290]
[323, 292, 290]
[324, 294, 292]
[324, 291, 290]
[323, 291, 291]
[324, 291, 291]
[329, 292, 289]
[326, 290, 288]
[327, 291, 288]
[326, 292, 288]
[327, 295, 290]
[325, 291, 289]
[326, 292, 288]
[324, 292, 288]
[323, 292, 289]
[324, 292, 290]
[322, 292, 290]
[322, 293, 288]
[325, 291, 290]
[326, 292, 291]
[326, 290, 290]
[326, 305, 290]
[325, 292, 291]
[324, 294, 290]
[330, 292, 288]
[330, 290, 290]
[327, 294, 291]
[319, 292, 290]
[318, 291, 291]
[328, 291, 290]
[329, 292, 288]
[326, 292, 289]
[326, 292, 289]
[325, 292, 290]
[322, 291, 291]
[322, 293, 291]
[328, 291, 290]
[329, 291, 292]
[326, 290, 291]
[325, 290, 290]
[326, 292, 291]
[327, 290, 290]
[325, 292, 290]
[323, 293, 290]
[321, 290, 289]
